0.82 0.87 0.82 0.83
0.82 0.87 0.87 0.83
0.82 0.87 0.87 0.82
0.82 0.83 0.87 0.83
0.83 0.82 0.87 0.83
0.83 0.82 0.87 0.83
0.83 0.82 0.87 0.89
0.83 0.83 0.83 0.87
0.83 0.83 0.82 0.89
0.89 0.83 0.82 0.87
0.87 0.87 0.82 0.87
0.87 0.87 0.83 0.87
0.87 0.83 0.83 0.87
0.87 0.82 0.83 0.87
0.87 0.82 0.82 0.87
0.87 0.82 0.82 0.87
0.87 0.83 0.82 0.87
0.87 0.83 0.83 0.87
0.87 0.83 0.83 0.87
0.87 0.82 0.83 0.87
0.87 0.83 0.82 0.87
0.87 0.83 0.83 0.87
0.87 0.83 0.83 0.87
0.87 0.89 0.83 0.87
0.87 0.87 0.82 0.83
0.87 0.89 0.83 0.82
0.87 0.87 0.83 0.82
0.83 0.87 0.83 0.82
0.82 0.87 0.87 0.83
0.82 0.87 0.87 0.83
0.82 0.87 0.89 0.83
0.83 0.87 0.89 0.82
0.83 0.87 0.89 0.83
0.83 0.87 0.89 0.83
0.82 0.87 0.89 0.83
0.83 0.87 0.89 0.87
0.83 0.87 0.88 0.87
0.83 0.87 0.89 0.89
0.87 0.87 0.87 0.89
0.87 0.87 0.89 0.89
0.89 0.87 0.89 0.89
0.89 0.87 0.87 0.89
0.89 0.87 0.89 0.89
0.89 0.83 0.87 0.88
0.89 0.82 0.87 0.89
0.89 0.82 0.87 0.87
0.88 0.82 0.87 0.89
0.89 0.83 0.87 0.89
0.87 0.83 0.87 0.87
0.89 0.83 0.87 0.89
0.89 0.82 0.87 0.87
0.87 0.83 0.87 0.87
0.89 0.83 0.87 0.87
0.87 0.83 0.87 0.87
0.87 0.87 0.87 0.87
0.87 0.87 0.87 0.87
0.87 0.89 0.87 0.87
0.87 0.89 0.87 0.87
0.87 0.89 0.87 0.87
0.87 0.89 0.87 0.87
0.83 0.89 0.83 0.83
0.82 0.89 0.82 0.82
0.82 0.88 0.82 0.82
0.82 0.89 0.82 0.82
0.83 0.87 0.83 0.83
0.83 0.89 0.83 0.83
0.83 0.89 0.83 0.83
0.82 0.87 0.82 0.82
0.83 0.89 0.83 0.83
0.83 0.87 0.83 0.83
0.83 0.87 0.83 0.83
0.87 0.87 0.87 0.87
0.87 0.87 0.87 0.87
0.89 0.87 0.89 0.89
0.89 0.87 0.89 0.89
0.89 0.87 0.89 0.89
0.89 0.87 0.89 0.89
0.89 0.87 0.89 0.89
0.89 0.87 0.89 0.89
0.88 0.87 0.88 0.88
0.89 0.87 0.89 0.89
0.87 0.87 0.87 0.87
0.89 0.87 0.89 0.89
0.89 0.87 0.89 0.89
0.87 0.87 0.87 0.87
0.89 0.87 0.89 0.89
0.87 0.82 0.87 0.87
0.87 0.82 0.87 0.87
0.87 0.82 0.87 0.87
0.87 0.82 0.87 0.87
0.87 0.83 0.87 0.87
0.87 0.83 0.87 0.87
0.87 0.83 0.87 0.87
0.87 0.83 0.87 0.87
0.87 0.83 0.87 0.87
0.87 0.82 0.82 0.82
0.87 0.82 0.83 0.83
0.87 0.82 0.83 0.83
0.87 0.83 0.83 0.83
0.87 0.83 0.83 0.83
0.87 0.83 0.83 0.83
0.87 0.83 0.87 0.87
0.87 0.83 0.82 0.82
0.82 0.83 0.82 0.82
0.82 0.82 0.82 0.82
0.82 0.82 0.82 0.82
0.82 0.82 0.82 0.82
0.83 0.83 0.83 0.83
0.83 0.83 0.83 0.83
0.83 0.83 0.83 0.83
0.83 0.82 0.83 0.83
0.83 0.83 0.83 0.83
0.82 0.83 0.82 0.82
0.82 0.83 0.82 0.82
0.82 0.87 0.82 0.82
0.83 0.82 0.83 0.83
0.83 0.82 0.83 0.83
0.83 0.82 0.83 0.83
0.83 0.83 0.83 0.83
0.83 0.83 0.83 0.83
0.83 0.83 0.83 0.83
0.82 0.82 0.82 0.82
0.82 0.83 0.82 0.82
0.82 0.83 0.82 0.82
0.83 0.83 0.83 0.83
0.83 0.83 0.83 0.83
0.83 0.83 0.83 0.83
0.82 0.83 0.82 0.82
0.83 0.82 0.83 0.83
0.83 0.82 0.83 0.83
0.83 0.82 0.83 0.83
0.87 0.83 0.87 0.87
0.82 0.83 0.82 0.82
0.82 0.83 0.82 0.82
0.82 0.82 0.82 0.82
0.83 0.83 0.83 0.83
0.83 0.83 0.83 0.83
0.83 0.83 0.83 0.83
0.82 0.87 0.82 0.82
0.83 0.82 0.83 0.83
0.83 0.82 0.83 0.83
0.83 0.82 0.83 0.83
0.83 0.83 0.83 0.83
0.83 0.83 0.83 0.83
0.83 0.83 0.83 0.83
0.82 0.83 0.82 0.82
0.82 0.83 0.82 0.82
0.82 0.87 0.82 0.82
0.83 0.82 0.83 0.83
0.83 0.82 0.83 0.83
0.83 0.82 0.83 0.83
0.82 0.83 0.82 0.82
0.83 0.83 0.83 0.83
0.83 0.83 0.83 0.83
0.83 0.82 0.83 0.83
0.87 0.83 0.87 0.87
0.82 0.83 0.82 0.82
0.82 0.83 0.82 0.82
0.82 0.83 0.83 0.83
0.83 0.83 0.83 0.83
0.83 0.83 0.83 0.83
0.83 0.82 0.83 0.83
0.83 0.83 0.83 0.83
0.83 0.83 0.87 0.87
0.87 0.83 0.82 0.82
0.82 0.83 0.82 0.82
0.82 0.83 0.82 0.82
0.82 0.83 0.82 0.82
0.83 0.82 0.83 0.83
0.83 0.82 0.83 0.83
0.83 0.82 0.83 0.83
0.82 0.83 0.82 0.82
0.83 0.83 0.83 0.83
0.83 0.83 0.83 0.83
0.83 0.82 0.83 0.83
0.83 0.83 0.83 0.83
0.83 0.83 0.83 0.83
0.83 0.83 0.83 0.83
0.82 0.87 0.82 0.82
0.83 0.82 0.83 0.83
0.83 0.82 0.83 0.83
0.83 0.82 0.83 0.83
0.83 0.83 0.83 0.83
0.83 0.83 0.83 0.83
0.83 0.83 0.83 0.83
0.82 0.83 0.82 0.82
0.82 0.83 0.82 0.82
0.82 0.87 0.82 0.82
0.83 0.82 0.83 0.83
0.83 0.82 0.83 0.83
0.83 0.82 0.83 0.83
0.82 0.83 0.82 0.82
0.83 0.83 0.83 0.83
0.83 0.83 0.83 0.83
0.83 0.83 0.83 0.83
0.87 0.83 0.87 0.87
0.82 0.83 0.82 0.82
0.82 0.87 0.82 0.82
0.82 0.82 0.82 0.82
0.83 0.82 0.83 0.83
0.83 0.82 0.83 0.83
0.83 0.83 0.83 0.83
0.83 0.83 0.83 0.83
0.83 0.82 0.83 0.83
0.87 0.83 0.87 0.87
0.82 0.83 0.82 0.82
0.82 0.83 0.82 0.82
0.82 0.83 0.82 0.82
0.83 0.83 0.83 0.83
0.83 0.83 0.83 0.83
0.83 0.82 0.83 0.83
0.83 0.82 0.83 0.83
0.83 0.82 0.83 0.83
0.83 0.83 0.83 0.83
0.87 0.83 0.87 0.87
0.82 0.83 0.82 0.82
0.82 0.82 0.82 0.82
0.82 0.83 0.82 0.82
0.83 0.83 0.83 0.83
0.83 0.83 0.83 0.83
0.82 0.87 0.82 0.82
0.83 0.82 0.83 0.83
0.83 0.82 0.83 0.83
0.83 0.82 0.83 0.83
0.83 0.83 0.83 0.83
0.83 0.83 0.83 0.83
0.83 0.83 0.83 0.83
0.82 0.83 0.82 0.82
0.82 0.83 0.82 0.82
0.82 0.87 0.82 0.82
0.83 0.82 0.83 0.83
0.83 0.82 0.83 0.83
0.83 0.82 0.83 0.83
0.82 0.83 0.82 0.82
0.83 0.83 0.83 0.83
0.83 0.83 0.83 0.83
0.83 0.82 0.83 0.83
0.87 0.83 0.87 0.87
0.82 0.83 0.82 0.82
0.82 0.83 0.82 0.82
0.82 0.83 0.82 0.82
0.83 0.83 0.83 0.83
0.83 0.83 0.83 0.83
0.83 0.82 0.83 0.83
0.83 0.83 0.83 0.83
0.83 0.83 0.83 0.83
0.87 0.83 0.87 0.87
0.82 0.83 0.82 0.82
0.82 0.83 0.82 0.82
0.82 0.83 0.82 0.82
0.83 0.82 0.83 0.83
0.83 0.82 0.83 0.83
0.83 0.82 0.83 0.83
0.82 0.83 0.82 0.82
0.83 0.83 0.83 0.83
0.83 0.83 0.83 0.83
0.83 0.82 0.83 0.83
0.83 0.83 0.83 0.83
0.83 0.83 0.83 0.83
0.83 0.83 0.83 0.83
0.82 0.87 0.83 0.83
0.83 0.82 0.83 0.83
0.83 0.82 0.83 0.83
0.83 0.82 0.83 0.83
0.83 0.83 0.87 0.87
0.83 0.83 0.82 0.82
0.83 0.83 0.82 0.82
0.82 0.83 0.82 0.82
0.82 0.83 0.83 0.83
0.82 0.87 0.83 0.83
0.83 0.82 0.83 0.83
0.83 0.82 0.82 0.82
0.83 0.82 0.83 0.83
0.82 0.83 0.83 0.83
0.83 0.83 0.83 0.83
0.83 0.83 0.83 0.83
0.83 0.83 0.83 0.83
0.87 0.83 0.83 0.83
0.82 0.83 0.82 0.82
0.82 0.87 0.83 0.83
0.82 0.82 0.83 0.83
0.83 0.82 0.83 0.83
0.83 0.82 0.83 0.83
0.83 0.83 0.82 0.82
0.83 0.82 0.83 0.83
0.83 0.82 0.83 0.83
0.87 0.82 0.83 0.83
0.82 0.82 0.83 0.83
0.82 0.83 0.83 0.83
0.82 0.83 0.83 0.83
0.83 0.83 0.82 0.82
0.83 0.83 0.83 0.83
0.83 0.83 0.83 0.83
0.83 0.82 0.82 0.82
0.83 0.82 0.83 0.83
0.83 0.82 0.87 0.87
0.87 0.83 0.82 0.82
0.82 0.83 0.82 0.82
0.82 0.83 0.82 0.82
0.82 0.83 0.82 0.82
0.83 0.83 0.83 0.83
0.82 0.83 0.82 0.82
0.82 0.82 0.82 0.82
0.82 0.82 0.82 0.82
0.82 0.82 0.82 0.82
0.83 0.83 0.83 0.83
0.83 0.83 0.83 0.83
0.83 0.83 0.83 0.83
0.83 0.82 0.83 0.83
0.83 0.83 0.83 0.83
0.82 0.83 0.82 0.82
0.82 0.83 0.82 0.82
0.82 0.87 0.82 0.82
0.83 0.87 0.83 0.83
0.83 0.89 0.83 0.83
0.83 0.89 0.83 0.83
0.83 0.89 0.83 0.83
0.83 0.89 0.83 0.83
0.83 0.89 0.83 0.83
0.82 0.89 0.82 0.82
0.82 0.88 0.82 0.82
0.82 0.89 0.82 0.82
0.83 0.87 0.83 0.83
0.83 0.89 0.83 0.83
0.83 0.89 0.83 0.83
0.82 0.87 0.82 0.82
0.83 0.89 0.83 0.83
0.83 0.87 0.83 0.83
0.83 0.87 0.83 0.83
0.87 0.87 0.83 0.83
0.87 0.87 0.83 0.83
0.89 0.87 0.83 0.83
0.89 0.87 0.82 0.82
0.89 0.87 0.83 0.83
0.89 0.87 0.89 0.89
0.89 0.87 0.89 0.89
0.89 0.87 0.89 0.89
0.88 0.87 0.88 0.88
0.89 0.87 0.89 0.89
0.87 0.87 0.87 0.87
0.89 0.87 0.89 0.89
0.89 0.87 0.89 0.89
0.87 0.87 0.87 0.87
0.89 0.87 0.89 0.89
0.87 0.83 0.87 0.87
0.87 0.82 0.87 0.87
0.87 0.82 0.87 0.87
0.87 0.82 0.87 0.87
0.87 0.83 0.87 0.87
0.87 0.83 0.82 0.82
0.87 0.83 0.83 0.83
0.87 0.82 0.83 0.83
0.87 0.83 0.83 0.83
0.87 0.83 0.83 0.83
0.87 0.83 0.83 0.83
0.87 0.87 0.83 0.83
0.87 0.87 0.82 0.82
0.87 0.89 0.83 0.83
0.87 0.89 0.87 0.87
0.87 0.89 0.87 0.87
0.87 0.89 0.87 0.87
0.83 0.89 0.83 0.83
0.82 0.89 0.82 0.82
0.82 0.88 0.82 0.82
0.82 0.89 0.82 0.82
0.83 0.87 0.83 0.83
0.83 0.89 0.83 0.83
0.83 0.89 0.83 0.83
0.82 0.87 0.82 0.82
0.83 0.89 0.83 0.83
0.83 0.87 0.83 0.83
0.83 0.87 0.83 0.83
0.87 0.87 0.87 0.87
0.87 0.87 0.87 0.87
0.89 0.87 0.89 0.89
0.89 0.87 0.89 0.89
0.89 0.87 0.89 0.89
0.89 0.87 0.89 0.89
0.89 0.87 0.89 0.89
0.89 0.87 0.89 0.89
0.88 0.87 0.88 0.88
0.89 0.87 0.89 0.89
0.87 0.87 0.87 0.87
0.89 0.87 0.89 0.89
0.89 0.87 0.89 0.89
0.87 0.87 0.87 0.87
0.89 0.87 0.89 0.89
0.87 0.82 0.87 0.87
0.87 0.82 0.87 0.87
0.87 0.82 0.87 0.87
0.87 0.82 0.87 0.87
0.87 0.83 0.87 0.87
0.87 0.83 0.87 0.87
0.87 0.83 0.87 0.87
0.87 0.83 0.87 0.87
0.87 0.83 0.87 0.87
0.87 0.82 0.87 0.87
0.87 0.82 0.87 0.87
0.87 0.82 0.87 0.87
0.87 0.83 0.87 0.87
0.87 0.83 0.87 0.87
0.87 0.83 0.87 0.87
0.87 0.83 0.87 0.87
0.87 0.83 0.87 0.87
0.82 0.83 0.82 0.82
0.82 0.82 0.82 0.82
0.82 0.82 0.82 0.82
0.82 0.82 0.82 0.82
0.83 0.83 0.83 0.83
0.83 0.83 0.83 0.83
0.83 0.83 0.83 0.83
0.83 0.82 0.83 0.83
0.83 0.83 0.83 0.83
0.82 0.83 0.82 0.82
0.82 0.83 0.82 0.82
0.82 0.87 0.82 0.82
0.83 0.82 0.83 0.83
0.83 0.82 0.83 0.83
0.83 0.82 0.83 0.83
0.83 0.83 0.83 0.83
0.83 0.83 0.83 0.83
0.83 0.83 0.83 0.83
0.82 0.82 0.82 0.82
0.82 0.83 0.82 0.82
0.82 0.83 0.82 0.82
0.83 0.83 0.83 0.83
0.83 0.83 0.83 0.83
0.83 0.83 0.83 0.83
0.82 0.83 0.82 0.82
0.83 0.82 0.83 0.83
0.83 0.82 0.83 0.83
0.83 0.82 0.83 0.83
0.87 0.83 0.87 0.87
0.82 0.83 0.82 0.82
0.82 0.83 0.82 0.82
0.82 0.82 0.82 0.82
0.83 0.83 0.83 0.83
0.83 0.83 0.83 0.83
0.83 0.83 0.83 0.83
0.82 0.87 0.82 0.82
0.83 0.82 0.83 0.83
0.83 0.82 0.83 0.83
0.83 0.82 0.83 0.83
0.83 0.83 0.83 0.83
0.83 0.83 0.83 0.83
0.83 0.83 0.83 0.83
0.82 0.83 0.82 0.82
0.82 0.83 0.82 0.82
0.82 0.87 0.82 0.82
0.83 0.82 0.83 0.83
0.83 0.82 0.83 0.83
0.83 0.82 0.83 0.83
0.82 0.83 0.82 0.82
0.83 0.83 0.83 0.83
0.83 0.83 0.83 0.83
0.83 0.82 0.83 0.83
0.87 0.83 0.87 0.87
0.82 0.83 0.82 0.82
0.82 0.83 0.82 0.82
0.82 0.83 0.82 0.82
0.83 0.83 0.83 0.83
0.83 0.83 0.83 0.83
0.83 0.82 0.83 0.83
0.83 0.83 0.83 0.83
0.83 0.83 0.83 0.83
0.87 0.83 0.87 0.87
0.82 0.83 0.82 0.82
0.82 0.83 0.82 0.82
0.82 0.83 0.82 0.82
0.83 0.82 0.83 0.83
0.83 0.82 0.83 0.83
0.83 0.82 0.83 0.83
0.82 0.83 0.82 0.82
0.83 0.83 0.83 0.83
0.83 0.83 0.83 0.83
0.83 0.82 0.83 0.83
0.83 0.83 0.83 0.83
0.83 0.83 0.83 0.83
0.83 0.83 0.83 0.83
0.82 0.87 0.82 0.82
0.83 0.82 0.83 0.83
0.83 0.82 0.83 0.83
0.83 0.82 0.83 0.83
0.83 0.83 0.83 0.83
0.83 0.83 0.83 0.83
0.83 0.83 0.83 0.83
0.82 0.83 0.82 0.82
0.82 0.82 0.82 0.82
0.82 0.82 0.82 0.82
0.83 0.83 0.83 0.83
0.83 0.83 0.83 0.83
0.83 0.83 0.83 0.83
0.82 0.82 0.82 0.82
0.83 0.83 0.83 0.83
0.83 0.83 0.83 0.83
0.83 0.83 0.83 0.83
0.87 0.87 0.87 0.87
0.82 0.82 0.82 0.82
0.82 0.82 0.82 0.82
0.82 0.82 0.82 0.82
0.83 0.83 0.83 0.83
0.83 0.83 0.83 0.83
0.83 0.83 0.83 0.83
0.83 0.83 0.83 0.83
0.83 0.83 0.83 0.83
0.87 0.87 0.87 0.87
0.82 0.82 0.82 0.82
0.82 0.82 0.82 0.82
0.82 0.82 0.82 0.82
0.83 0.83 0.83 0.83
0.83 0.83 0.83 0.83
0.83 0.83 0.83 0.83
0.83 0.83 0.83 0.83
0.83 0.83 0.83 0.83
0.83 0.83 0.83 0.83
0.87 0.87 0.87 0.87
0.82 0.82 0.82 0.82
0.82 0.82 0.82 0.82
0.82 0.82 0.82 0.82
0.83 0.83 0.83 0.83
0.83 0.83 0.83 0.83
0.82 0.82 0.82 0.82
0.83 0.83 0.83 0.83
0.83 0.83 0.83 0.83
0.83 0.83 0.83 0.83
0.83 0.83 0.83 0.83
0.83 0.83 0.83 0.83
0.83 0.83 0.83 0.83
0.82 0.82 0.82 0.82
0.82 0.82 0.82 0.82
0.82 0.82 0.82 0.82
0.83 0.83 0.83 0.83
0.83 0.83 0.83 0.83
0.83 0.83 0.83 0.83
0.82 0.82 0.82 0.82
0.83 0.83 0.83 0.83
0.83 0.83 0.83 0.83
0.83 0.83 0.83 0.83
0.87 0.87 0.87 0.87
0.82 0.82 0.82 0.82
0.82 0.82 0.82 0.82
0.82 0.82 0.82 0.82
0.83 0.83 0.83 0.83
0.83 0.83 0.83 0.83
0.83 0.83 0.83 0.83
0.83 0.83 0.83 0.83
0.83 0.83 0.83 0.83
0.87 0.87 0.87 0.87
0.82 0.82 0.82 0.82
0.82 0.82 0.82 0.82
0.82 0.82 0.82 0.82
0.83 0.83 0.83 0.83
0.83 0.83 0.83 0.83
0.83 0.83 0.83 0.83
0.82 0.82 0.82 0.82
0.83 0.83 0.83 0.83
0.83 0.83 0.83 0.83
0.83 0.83 0.83 0.83
0.83 0.83 0.83 0.83
0.83 0.83 0.83 0.83
0.83 0.83 0.83 0.83
0.82 0.82 0.82 0.82
0.83 0.83 0.83 0.83
0.83 0.83 0.83 0.83
0.83 0.83 0.83 0.83
0.83 0.83 0.83 0.83
0.83 0.83 0.83 0.83
0.83 0.83 0.83 0.83
0.82 0.82 0.82 0.82
0.82 0.82 0.82 0.82
0.82 0.82 0.82 0.82
0.83 0.83 0.83 0.83
0.83 0.83 0.83 0.83
0.83 0.83 0.83 0.83
0.82 0.82 0.82 0.82
0.83 0.83 0.83 0.83
0.83 0.83 0.83 0.83
0.83 0.83 0.83 0.83
0.87 0.87 0.87 0.87
0.82 0.82 0.82 0.82
0.82 0.82 0.82 0.82
0.82 0.82 0.82 0.82
0.83 0.83 0.83 0.83
0.83 0.83 0.83 0.83
0.83 0.83 0.83 0.83
0.83 0.83 0.83 0.83
0.83 0.83 0.83 0.83
0.87 0.87 0.87 0.87
0.82 0.82 0.82 0.82
0.82 0.82 0.82 0.82
0.82 0.82 0.82 0.82
0.83 0.83 0.83 0.83
0.83 0.83 0.83 0.83
0.83 0.83 0.83 0.83
0.83 0.83 0.83 0.83
0.83 0.83 0.83 0.83
0.83 0.83 0.83 0.83
0.87 0.87 0.87 0.87
0.82 0.82 0.82 0.82
0.82 0.82 0.82 0.82
0.82 0.82 0.82 0.82
0.83 0.83 0.83 0.83
0.82 0.82 0.82 0.82
0.82 0.82 0.82 0.82
0.82 0.82 0.82 0.82
0.82 0.82 0.82 0.82
0.83 0.83 0.83 0.83
0.83 0.83 0.83 0.83
0.83 0.83 0.83 0.83
0.83 0.83 0.83 0.83
0.83 0.83 0.83 0.83
0.82 0.82 0.82 0.82
0.82 0.82 0.82 0.82
0.82 0.82 0.82 0.82
0.83 0.83 0.83 0.83
0.83 0.83 0.83 0.83
0.83 0.83 0.83 0.83
0.83 0.83 0.83 0.83
0.83 0.83 0.83 0.83
0.83 0.83 0.83 0.83
0.82 0.82 0.82 0.82
0.82 0.82 0.82 0.82
0.82 0.82 0.82 0.82
0.83 0.83 0.83 0.83
0.83 0.83 0.83 0.83
0.83 0.83 0.83 0.83
0.82 0.82 0.82 0.82
0.83 0.83 0.83 0.83
0.83 0.83 0.83 0.83
0.83 0.83 0.83 0.83
0.87 0.87 0.87 0.87
0.87 0.87 0.87 0.87
0.89 0.89 0.89 0.89
0.89 0.89 0.89 0.89
0.89 0.89 0.89 0.89
0.89 0.89 0.89 0.89
0.89 0.89 0.89 0.89
0.89 0.89 0.89 0.89
0.88 0.88 0.88 0.88
0.89 0.89 0.89 0.89
0.87 0.87 0.87 0.87
0.89 0.89 0.89 0.89
0.89 0.89 0.89 0.89
0.87 0.87 0.87 0.87
0.89 0.89 0.89 0.89
0.87 0.87 0.87 0.87
0.87 0.87 0.87 0.87
0.87 0.87 0.87 0.87
0.87 0.87 0.87 0.87
0.87 0.87 0.87 0.87
0.87 0.87 0.87 0.87
0.87 0.87 0.87 0.87
0.87 0.87 0.87 0.87
0.87 0.87 0.87 0.87
0.87 0.87 0.87 0.87
0.87 0.87 0.87 0.87
0.87 0.87 0.87 0.87
0.87 0.87 0.87 0.87
0.87 0.87 0.87 0.87
0.87 0.87 0.87 0.87
0.87 0.87 0.87 0.87
0.87 0.87 0.87 0.87
0.83 0.83 0.83 0.83
0.82 0.82 0.82 0.82
0.82 0.82 0.82 0.82
0.82 0.82 0.82 0.82
0.83 0.83 0.83 0.83
0.83 0.83 0.83 0.83
0.83 0.83 0.83 0.83
0.82 0.82 0.82 0.82
0.83 0.83 0.83 0.83
0.83 0.83 0.83 0.83
0.83 0.83 0.83 0.83
0.87 0.87 0.87 0.87
0.87 0.87 0.87 0.87
0.89 0.89 0.89 0.89
0.89 0.89 0.89 0.89
0.89 0.89 0.89 0.89
0.89 0.89 0.89 0.89
0.89 0.89 0.89 0.89
0.89 0.89 0.89 0.89
0.88 0.88 0.88 0.88
0.89 0.89 0.89 0.89
0.87 0.87 0.87 0.87
0.89 0.89 0.89 0.89
0.89 0.89 0.89 0.89
0.87 0.87 0.87 0.87
0.89 0.89 0.89 0.89
0.87 0.87 0.87 0.87
0.87 0.87 0.87 0.87
0.87 0.87 0.87 0.87
0.87 0.87 0.87 0.87
0.87 0.87 0.87 0.87
0.87 0.87 0.87 0.87
0.87 0.87 0.87 0.87
0.87 0.87 0.87 0.87
0.87 0.87 0.87 0.87
0.87 0.87 0.87 0.87
0.87 0.87 0.87 0.87
0.87 0.87 0.87 0.87
0.87 0.87 0.87 0.87
0.87 0.87 0.87 0.87
0.87 0.87 0.87 0.87
0.87 0.87 0.87 0.87
0.87 0.87 0.87 0.87
0.82 0.82 0.82 0.82
0.82 0.82 0.82 0.82
0.82 0.82 0.82 0.82
0.82 0.82 0.82 0.82
0.83 0.83 0.83 0.83
0.83 0.83 0.83 0.83
0.83 0.83 0.83 0.83
0.83 0.83 0.83 0.83
0.83 0.83 0.83 0.83
0.82 0.82 0.82 0.82
0.82 0.82 0.82 0.82
0.82 0.82 0.82 0.82
0.83 0.83 0.83 0.83
0.83 0.83 0.83 0.83
0.83 0.83 0.83 0.83
0.83 0.83 0.83 0.83
0.83 0.83 0.83 0.83
0.83 0.83 0.83 0.83
0.82 0.82 0.82 0.82
0.82 0.82 0.82 0.82
0.82 0.82 0.82 0.82
0.83 0.83 0.83 0.83
0.83 0.83 0.83 0.83
0.83 0.83 0.83 0.83
0.82 0.82 0.82 0.82
0.83 0.83 0.83 0.83
0.83 0.83 0.83 0.83
0.83 0.83 0.83 0.83
0.87 0.87 0.87 0.87
0.82 0.82 0.82 0.82
0.82 0.82 0.82 0.82
0.82 0.82 0.82 0.82
0.83 0.83 0.83 0.83
0.83 0.83 0.83 0.83
0.83 0.83 0.83 0.83
0.82 0.82 0.82 0.82
0.83 0.83 0.83 0.83
0.83 0.83 0.83 0.83
0.83 0.83 0.83 0.83
0.83 0.83 0.83 0.83
0.83 0.83 0.83 0.83
0.83 0.83 0.83 0.83
0.82 0.82 0.82 0.82
0.82 0.82 0.82 0.82
0.82 0.82 0.82 0.82
0.83 0.83 0.83 0.83
0.83 0.83 0.83 0.83
0.83 0.83 0.83 0.83
0.82 0.82 0.82 0.82
0.83 0.83 0.83 0.83
0.83 0.83 0.83 0.83
0.83 0.83 0.83 0.83
0.87 0.87 0.87 0.87
0.82 0.82 0.82 0.82
0.82 0.82 0.82 0.82
0.82 0.82 0.82 0.82
0.83 0.83 0.83 0.83
0.83 0.83 0.83 0.83
0.83 0.83 0.83 0.83
0.83 0.83 0.83 0.83
0.83 0.83 0.83 0.83
0.87 0.87 0.87 0.87
0.82 0.82 0.82 0.82
0.82 0.82 0.82 0.82
0.82 0.82 0.82 0.82
0.83 0.83 0.83 0.83
0.83 0.83 0.83 0.83
0.83 0.83 0.83 0.83
0.82 0.82 0.82 0.82
0.83 0.83 0.83 0.83
0.83 0.83 0.83 0.83
0.83 0.83 0.83 0.83
0.83 0.83 0.83 0.83
0.83 0.83 0.83 0.83
0.83 0.83 0.83 0.83
0.82 0.82 0.82 0.82
0.83 0.83 0.83 0.83
0.83 0.83 0.83 0.83
0.83 0.83 0.83 0.83
0.83 0.83 0.83 0.83
0.83 0.83 0.83 0.83
0.83 0.83 0.83 0.83
0.82 0.82 0.82 0.82
0.82 0.82 0.82 0.82
0.82 0.82 0.82 0.82
0.83 0.83 0.83 0.83
0.83 0.83 0.83 0.83
0.83 0.83 0.83 0.83
0.82 0.82 0.82 0.82
0.83 0.83 0.83 0.83
0.83 0.83 0.83 0.83
0.83 0.83 0.83 0.83
0.87 0.87 0.87 0.87
0.82 0.82 0.82 0.82
0.82 0.82 0.82 0.82
0.82 0.82 0.82 0.82
0.83 0.83 0.83 0.83
0.83 0.83 0.83 0.83
0.83 0.83 0.83 0.83
0.83 0.83 0.83 0.83
0.83 0.83 0.83 0.83
0.87 0.87 0.87 0.87
0.82 0.82 0.82 0.82
0.82 0.82 0.82 0.82
0.82 0.82 0.82 0.82
0.83 0.83 0.83 0.83
0.83 0.83 0.83 0.83
0.83 0.83 0.83 0.83
0.83 0.83 0.83 0.83
0.83 0.83 0.83 0.83
0.83 0.83 0.83 0.83
0.87 0.87 0.87 0.87
0.82 0.82 0.82 0.82
0.82 0.82 0.82 0.82
0.82 0.82 0.82 0.82
0.83 0.83 0.83 0.83
0.83 0.83 0.83 0.83
0.82 0.82 0.82 0.82
0.83 0.83 0.83 0.83
0.83 0.83 0.83 0.83
0.83 0.83 0.83 0.83
0.83 0.83 0.83 0.83
0.83 0.83 0.83 0.83
0.83 0.83 0.83 0.83
0.82 0.82 0.82 0.82
0.82 0.82 0.82 0.82
0.82 0.82 0.82 0.82
0.83 0.83 0.83 0.83
0.83 0.83 0.83 0.83
0.83 0.83 0.83 0.83
0.82 0.82 0.82 0.82
0.83 0.83 0.83 0.83
0.83 0.83 0.83 0.83
0.83 0.83 0.83 0.83
0.87 0.87 0.87 0.87
0.82 0.82 0.82 0.82
0.82 0.82 0.82 0.82
0.82 0.82 0.82 0.82
0.83 0.83 0.83 0.83
0.83 0.83 0.83 0.83
0.83 0.83 0.83 0.83
0.83 0.83 0.83 0.83
0.83 0.83 0.83 0.83
0.87 0.87 0.87 0.87
0.82 0.82 0.82 0.82
0.82 0.82 0.82 0.82
0.82 0.82 0.82 0.82
0.83 0.83 0.83 0.83
0.83 0.83 0.83 0.83
0.83 0.83 0.83 0.83
0.82 0.82 0.82 0.82
0.83 0.83 0.83 0.83
0.83 0.83 0.83 0.83
0.83 0.83 0.83 0.83
0.83 0.83 0.83 0.83
0.83 0.83 0.83 0.83
0.83 0.83 0.83 0.83
0.82 0.82 0.82 0.82
0.83 0.83 0.83 0.83
0.83 0.83 0.83 0.83
0.83 0.83 0.83 0.83
0.83 0.83 0.83 0.83
0.83 0.83 0.83 0.83
0.83 0.83 0.83 0.83
0.82 0.82 0.82 0.82
0.82 0.82 0.82 0.82
0.82 0.82 0.82 0.82
0.83 0.83 0.83 0.83
0.83 0.83 0.83 0.83
0.83 0.83 0.83 0.83
0.82 0.82 0.82 0.82
0.83 0.83 0.83 0.83
0.83 0.83 0.83 0.83
0.83 0.83 0.83 0.83
0.87 0.87 0.87 0.87
0.82 0.82 0.82 0.82
0.82 0.82 0.82 0.82
0.82 0.82 0.82 0.82
0.83 0.83 0.83 0.83
0.83 0.83 0.83 0.83
0.83 0.83 0.83 0.83
0.83 0.83 0.83 0.83
0.83 0.83 0.83 0.83
0.87 0.87 0.87 0.87
0.82 0.82 0.82 0.82
0.82 0.82 0.82 0.82
0.82 0.82 0.82 0.82
0.83 0.83 0.83 0.83
0.83 0.83 0.83 0.83
0.83 0.83 0.83 0.83
0.83 0.83 0.83 0.83
0.83 0.83 0.83 0.83
0.83 0.83 0.83 0.83
0.87 0.87 0.87 0.87
0.82 0.82 0.82 0.82
0.82 0.82 0.82 0.82
0.82 0.82 0.82 0.82
0.83 0.83 0.83 0.83
0.83 0.83 0.83 0.83
0.87 0.87 0.87 0.87
0.82 0.82 0.82 0.82
0.82 0.82 0.82 0.82
0.82 0.82 0.82 0.82
0.83 0.83 0.83 0.83
0.83 0.83 0.83 0.83
0.83 0.83 0.83 0.83
0.83 0.83 0.83 0.83
0.83 0.83 0.83 0.83
0.87 0.87 0.87 0.87
0.82 0.82 0.82 0.82
0.82 0.82 0.82 0.82
0.82 0.82 0.82 0.82
0.83 0.83 0.83 0.83
0.83 0.83 0.83 0.83
0.83 0.83 0.83 0.83
0.83 0.83 0.83 0.83
0.83 0.83 0.83 0.83
0.83 0.83 0.83 0.83
0.87 0.87 0.87 0.87
0.82 0.82 0.82 0.82
0.82 0.82 0.82 0.82
0.82 0.82 0.82 0.82
0.83 0.83 0.83 0.83
0.82 0.82 0.82 0.82
0.82 0.82 0.82 0.82
0.82 0.82 0.82 0.82
0.82 0.82 0.82 0.82
0.83 0.83 0.83 0.83
0.83 0.83 0.83 0.83
0.83 0.83 0.83 0.83
0.83 0.83 0.83 0.83
0.83 0.83 0.83 0.83
0.82 0.82 0.82 0.82
0.82 0.82 0.82 0.82
0.82 0.82 0.82 0.82
0.83 0.83 0.83 0.83
0.83 0.83 0.83 0.83
0.83 0.83 0.83 0.83
0.83 0.83 0.83 0.83
0.83 0.83 0.83 0.83
0.83 0.83 0.83 0.83
0.82 0.82 0.82 0.82
0.82 0.82 0.82 0.82
0.82 0.82 0.82 0.82
0.83 0.83 0.83 0.83
0.83 0.83 0.83 0.83
0.83 0.83 0.83 0.83
0.82 0.82 0.82 0.82
0.83 0.83 0.83 0.83
0.83 0.83 0.83 0.83
0.83 0.83 0.83 0.83
0.87 0.87 0.87 0.87
0.87 0.87 0.87 0.87
0.89 0.89 0.89 0.89
0.89 0.89 0.89 0.89
0.89 0.89 0.89 0.89
0.89 0.89 0.89 0.89
0.89 0.89 0.89 0.89
0.89 0.89 0.89 0.89
0.88 0.88 0.88 0.88
0.89 0.89 0.89 0.89
0.87 0.87 0.87 0.87
0.89 0.89 0.89 0.89
0.89 0.89 0.89 0.89
0.87 0.87 0.87 0.87
0.89 0.89 0.89 0.89
0.87 0.87 0.87 0.87
0.87 0.87 0.87 0.87
0.87 0.87 0.87 0.87
0.87 0.87 0.87 0.87
0.87 0.87 0.87 0.87
0.87 0.87 0.87 0.87
0.87 0.87 0.87 0.87
0.87 0.87 0.87 0.87
0.87 0.87 0.87 0.87
0.87 0.87 0.87 0.87
0.87 0.87 0.87 0.87
0.87 0.87 0.87 0.87
0.87 0.87 0.87 0.87
0.87 0.87 0.87 0.87
0.87 0.87 0.87 0.87
0.87 0.87 0.87 0.87
0.87 0.87 0.87 0.87
0.83 0.83 0.83 0.83
0.82 0.82 0.82 0.82
0.82 0.82 0.82 0.82
0.82 0.82 0.82 0.82
0.83 0.83 0.83 0.83
0.83 0.83 0.83 0.83
0.83 0.83 0.83 0.83
0.82 0.82 0.82 0.82
0.83 0.83 0.83 0.83
0.83 0.83 0.83 0.83
0.83 0.83 0.83 0.83
0.87 0.87 0.87 0.87
0.87 0.87 0.87 0.87
0.89 0.89 0.89 0.89
0.89 0.89 0.89 0.89
0.89 0.89 0.89 0.89
0.89 0.89 0.89 0.89
0.89 0.89 0.89 0.89
0.89 0.89 0.89 0.89
0.88 0.88 0.88 0.88
0.89 0.89 0.89 0.89
0.87 0.87 0.87 0.87
0.89 0.89 0.89 0.89
0.89 0.89 0.89 0.89
0.87 0.87 0.87 0.87
0.89 0.89 0.89 0.89
0.87 0.87 0.87 0.87
0.87 0.87 0.87 0.87
0.87 0.87 0.87 0.87
0.87 0.87 0.87 0.87
0.87 0.87 0.87 0.87
0.87 0.87 0.87 0.87
0.87 0.87 0.87 0.87
0.87 0.87 0.87 0.87
0.87 0.87 0.87 0.87
0.87 0.87 0.87 0.87
0.87 0.87 0.87 0.87
0.87 0.87 0.87 0.87
0.87 0.87 0.87 0.87
0.87 0.87 0.87 0.87
0.87 0.87 0.87 0.87
0.87 0.87 0.87 0.87
0.87 0.87 0.87 0.87
0.82 0.82 0.82 0.82
0.82 0.82 0.82 0.82
0.82 0.82 0.82 0.82
0.82 0.82 0.82 0.82
0.83 0.83 0.83 0.83
0.83 0.83 0.83 0.83
0.83 0.83 0.83 0.83
0.83 0.83 0.83 0.83
0.83 0.83 0.83 0.83
0.82 0.82 0.82 0.82
0.82 0.82 0.82 0.82
0.82 0.82 0.82 0.82
0.83 0.83 0.83 0.83
0.83 0.83 0.83 0.83
0.83 0.83 0.83 0.83
0.83 0.83 0.83 0.83
0.83 0.83 0.83 0.83
0.83 0.83 0.83 0.83
0.82 0.82 0.82 0.82
0.82 0.82 0.82 0.82
0.82 0.82 0.82 0.82
0.83 0.83 0.83 0.83
0.83 0.83 0.83 0.83
0.83 0.83 0.83 0.83
0.82 0.82 0.82 0.82
0.83 0.83 0.83 0.83
0.83 0.83 0.83 0.83
0.83 0.83 0.83 0.83
0.87 0.87 0.87 0.87
0.82 0.82 0.82 0.82
0.82 0.82 0.82 0.82
0.82 0.82 0.82 0.82
0.83 0.83 0.83 0.83
0.83 0.83 0.83 0.83
0.83 0.83 0.83 0.83
0.82 0.82 0.82 0.82
0.83 0.83 0.83 0.83
0.83 0.83 0.83 0.83
0.83 0.83 0.83 0.83
0.83 0.83 0.83 0.83
0.83 0.83 0.83 0.83
0.83 0.83 0.83 0.83
0.82 0.82 0.82 0.82
0.82 0.82 0.82 0.82
0.82 0.82 0.82 0.82
0.83 0.83 0.83 0.83
0.83 0.83 0.83 0.83
0.83 0.83 0.83 0.83
0.82 0.82 0.82 0.82
0.83 0.83 0.83 0.83
0.83 0.83 0.83 0.83
0.83 0.83 0.83 0.83
0.87 0.87 0.87 0.87
0.82 0.82 0.82 0.82
0.82 0.82 0.82 0.82
0.82 0.82 0.82 0.82
0.83 0.83 0.83 0.83
0.83 0.83 0.83 0.83
0.83 0.83 0.83 0.83
0.83 0.83 0.83 0.83
0.83 0.83 0.83 0.83
0.87 0.87 0.87 0.87
0.82 0.82 0.82 0.82
0.82 0.82 0.82 0.82
0.82 0.82 0.82 0.82
0.83 0.83 0.83 0.83
0.83 0.83 0.83 0.83
0.83 0.83 0.83 0.83
0.82 0.82 0.82 0.82
0.83 0.83 0.83 0.83
0.83 0.83 0.83 0.83
0.83 0.83 0.83 0.83
0.83 0.83 0.83 0.83
0.83 0.83 0.83 0.83
0.83 0.83 0.83 0.83
0.82 0.82 0.82 0.82
0.83 0.83 0.83 0.83
0.83 0.83 0.83 0.83
0.83 0.83 0.83 0.83
0.83 0.83 0.83 0.83
0.83 0.83 0.83 0.83
0.83 0.83 0.83 0.83
0.82 0.82 0.82 0.82
0.82 0.82 0.82 0.82
0.82 0.82 0.82 0.82
0.83 0.83 0.83 0.83
0.83 0.83 0.83 0.83
0.83 0.83 0.83 0.83
0.82 0.82 0.82 0.82
0.83 0.83 0.83 0.83
0.83 0.83 0.83 0.83
0.83 0.83 0.83 0.83
0.87 0.87 0.87 0.87
0.82 0.82 0.82 0.82
0.82 0.82 0.82 0.82
0.82 0.82 0.82 0.82
0.83 0.83 0.83 0.83
0.83 0.83 0.83 0.83
0.83 0.83 0.83 0.83
0.83 0.83 0.83 0.83
0.83 0.83 0.83 0.83
0.87 0.87 0.87 0.87
0.82 0.82 0.82 0.82
0.82 0.82 0.82 0.82
0.82 0.82 0.82 0.82
0.83 0.83 0.83 0.83
0.83 0.83 0.83 0.83
0.83 0.83 0.83 0.83
0.83 0.83 0.83 0.83
0.83 0.83 0.83 0.83
0.83 0.83 0.83 0.83
0.87 0.87 0.87 0.87
0.82 0.82 0.82 0.82
0.82 0.82 0.82 0.82
0.82 0.82 0.82 0.82
0.83 0.83 0.83 0.83
0.83 0.83 0.83 0.83
0.82 0.82 0.82 0.82
0.83 0.83 0.83 0.83
0.83 0.83 0.83 0.83
0.83 0.83 0.83 0.83
0.83 0.83 0.83 0.83
0.83 0.83 0.83 0.83
0.83 0.83 0.83 0.83
0.82 0.82 0.82 0.82
0.82 0.82 0.82 0.82
0.82 0.82 0.82 0.82
0.83 0.83 0.83 0.83
0.83 0.83 0.83 0.83
0.83 0.83 0.83 0.83
0.82 0.82 0.82 0.82
0.83 0.83 0.83 0.83
0.83 0.83 0.83 0.83
0.83 0.83 0.83 0.83
0.87 0.87 0.87 0.87
0.82 0.82 0.82 0.82
0.82 0.82 0.82 0.82
0.82 0.82 0.82 0.82
0.83 0.83 0.83 0.83
0.83 0.83 0.83 0.83
0.83 0.83 0.83 0.83
0.83 0.83 0.83 0.83
0.83 0.83 0.83 0.83
0.87 0.87 0.87 0.87
0.82 0.82 0.82 0.82
0.82 0.82 0.82 0.82
0.82 0.82 0.82 0.82
0.83 0.83 0.83 0.83
0.83 0.83 0.83 0.83
0.83 0.83 0.83 0.83
0.82 0.82 0.82 0.82
0.83 0.83 0.83 0.83
0.83 0.83 0.83 0.83
0.83 0.83 0.83 0.83
0.83 0.83 0.83 0.83
0.83 0.83 0.83 0.83
0.83 0.83 0.83 0.83
0.82 0.82 0.82 0.82
0.83 0.83 0.83 0.83
0.83 0.83 0.83 0.83
0.83 0.83 0.83 0.83
0.83 0.83 0.83 0.83
0.83 0.83 0.83 0.83
0.83 0.83 0.83 0.83
0.82 0.82 0.82 0.82
0.82 0.82 0.82 0.82
0.82 0.82 0.82 0.82
0.83 0.83 0.83 0.83
0.83 0.83 0.83 0.83
0.83 0.83 0.83 0.83
0.82 0.82 0.82 0.82
0.83 0.83 0.83 0.83
0.83 0.83 0.83 0.83
0.83 0.83 0.83 0.83
0.87 0.87 0.87 0.87
0.82 0.82 0.82 0.82
0.82 0.82 0.82 0.82
0.82 0.82 0.82 0.82
0.83 0.83 0.83 0.83
0.83 0.83 0.83 0.83
0.83 0.83 0.83 0.83
0.83 0.83 0.83 0.83
0.83 0.83 0.83 0.83
0.87 0.87 0.87 0.87
0.82 0.82 0.82 0.82
0.82 0.82 0.82 0.82
0.82 0.82 0.82 0.82
0.83 0.83 0.83 0.83
0.83 0.83 0.83 0.83
0.83 0.83 0.83 0.83
0.83 0.83 0.83 0.83
0.83 0.83 0.83 0.83
0.83 0.83 0.83 0.83
0.87 0.87 0.87 0.87
0.82 0.82 0.82 0.82
0.82 0.82 0.82 0.82
0.82 0.82 0.82 0.82
0.83 0.83 0.83 0.83
0.89 0.89 0.89 0.89
0.89 0.89 0.89 0.89
0.89 0.89 0.89 0.89
0.89 0.89 0.89 0.89
0.88 0.88 0.88 0.88
0.89 0.89 0.89 0.89
0.87 0.87 0.87 0.87
0.89 0.89 0.89 0.89
0.89 0.89 0.89 0.89
0.87 0.87 0.87 0.87
0.89 0.89 0.89 0.89
0.87 0.87 0.87 0.87
0.87 0.87 0.87 0.87
0.87 0.87 0.87 0.87
0.87 0.87 0.87 0.87
0.87 0.87 0.87 0.87
0.87 0.87 0.87 0.87
0.87 0.87 0.87 0.87
0.87 0.87 0.87 0.87
0.87 0.87 0.87 0.87
0.87 0.87 0.87 0.87
0.87 0.87 0.87 0.87
0.87 0.87 0.87 0.87
0.87 0.87 0.87 0.87
0.87 0.87 0.87 0.87
0.87 0.87 0.87 0.87
0.87 0.87 0.87 0.87
0.87 0.87 0.87 0.87
0.82 0.82 0.82 0.82
0.82 0.82 0.82 0.82
0.82 0.82 0.82 0.82
0.82 0.82 0.82 0.82
0.83 0.83 0.83 0.83
0.83 0.83 0.83 0.83
0.83 0.83 0.83 0.83
0.83 0.83 0.83 0.83
0.83 0.83 0.83 0.83
0.82 0.82 0.82 0.82
0.82 0.82 0.82 0.82
0.82 0.82 0.82 0.82
0.83 0.83 0.83 0.83
0.83 0.83 0.83 0.83
0.83 0.83 0.83 0.83
0.83 0.83 0.83 0.83
0.83 0.83 0.83 0.83
0.83 0.83 0.83 0.83
0.82 0.82 0.82 0.82
0.82 0.82 0.82 0.82
0.82 0.82 0.82 0.82
0.83 0.83 0.83 0.83
0.83 0.83 0.83 0.83
0.83 0.83 0.83 0.83
0.82 0.82 0.82 0.82
0.83 0.83 0.83 0.83
0.83 0.83 0.83 0.83
0.83 0.83 0.83 0.83
0.87 0.87 0.87 0.87
0.82 0.82 0.82 0.82
0.82 0.82 0.82 0.82
0.82 0.82 0.82 0.82
0.83 0.83 0.83 0.83
0.83 0.83 0.83 0.83
0.83 0.83 0.83 0.83
0.82 0.82 0.82 0.82
0.83 0.83 0.83 0.83
0.83 0.83 0.83 0.83
0.83 0.83 0.83 0.83
0.83 0.83 0.83 0.83
0.83 0.83 0.83 0.83
0.83 0.83 0.83 0.83
0.82 0.82 0.82 0.82
0.82 0.82 0.82 0.82
0.82 0.82 0.82 0.82
0.83 0.83 0.83 0.83
0.83 0.83 0.83 0.83
0.83 0.83 0.83 0.83
0.82 0.82 0.82 0.82
0.83 0.83 0.83 0.83
0.83 0.83 0.83 0.83
0.83 0.83 0.83 0.83
0.87 0.87 0.87 0.87
0.82 0.82 0.82 0.82
0.82 0.82 0.82 0.82
0.82 0.82 0.82 0.82
0.83 0.83 0.83 0.83
0.83 0.83 0.83 0.83
0.83 0.83 0.83 0.83
0.83 0.83 0.83 0.83
0.83 0.83 0.83 0.83
0.87 0.87 0.87 0.87
0.82 0.82 0.82 0.82
0.82 0.82 0.82 0.82
0.82 0.82 0.82 0.82
0.83 0.83 0.83 0.83
0.83 0.83 0.83 0.83
0.83 0.83 0.83 0.83
0.82 0.82 0.82 0.82
0.83 0.83 0.83 0.83
0.83 0.83 0.83 0.83
0.83 0.83 0.83 0.83
0.83 0.83 0.83 0.83
0.83 0.83 0.83 0.83
0.83 0.83 0.83 0.83
0.82 0.82 0.82 0.82
0.83 0.83 0.83 0.83
0.83 0.83 0.83 0.83
0.83 0.83 0.83 0.83
0.83 0.83 0.83 0.83
0.83 0.83 0.83 0.83
0.83 0.83 0.83 0.83
0.82 0.82 0.82 0.82
0.82 0.82 0.82 0.82
0.82 0.82 0.82 0.82
0.83 0.83 0.83 0.83
0.83 0.83 0.83 0.83
0.83 0.83 0.83 0.83
0.82 0.82 0.82 0.82
0.83 0.83 0.83 0.83
0.83 0.83 0.83 0.83
0.83 0.83 0.83 0.83
0.87 0.87 0.87 0.87
0.82 0.82 0.82 0.82
0.82 0.82 0.82 0.82
0.82 0.82 0.82 0.82
0.83 0.83 0.83 0.83
0.83 0.83 0.83 0.83
0.83 0.83 0.83 0.83
0.83 0.83 0.83 0.83
0.83 0.83 0.83 0.83
0.87 0.87 0.87 0.87
0.82 0.82 0.82 0.82
0.82 0.82 0.82 0.82
0.82 0.82 0.82 0.82
0.83 0.83 0.83 0.83
0.83 0.83 0.83 0.83
0.83 0.83 0.83 0.83
0.83 0.83 0.83 0.83
0.83 0.83 0.83 0.83
0.83 0.83 0.83 0.83
0.87 0.87 0.87 0.87
0.82 0.82 0.82 0.82
0.82 0.82 0.82 0.82
0.82 0.82 0.82 0.82
0.83 0.83 0.83 0.83
0.83 0.83 0.83 0.83
0.82 0.82 0.82 0.82
0.83 0.83 0.83 0.83
0.83 0.83 0.83 0.83
0.83 0.83 0.83 0.83
0.83 0.83 0.83 0.83
0.83 0.83 0.83 0.83
0.83 0.83 0.83 0.83
0.82 0.82 0.82 0.82
0.82 0.82 0.82 0.82
0.82 0.82 0.82 0.82
0.83 0.83 0.83 0.83
0.83 0.83 0.83 0.83
0.83 0.83 0.83 0.83
0.82 0.82 0.82 0.82
0.83 0.83 0.83 0.83
0.83 0.83 0.83 0.83
0.83 0.83 0.83 0.83
0.87 0.87 0.87 0.87
0.82 0.82 0.82 0.82
0.82 0.82 0.82 0.82
0.82 0.82 0.82 0.82
0.83 0.83 0.83 0.83
0.83 0.83 0.83 0.83
0.83 0.83 0.83 0.83
0.83 0.83 0.83 0.83
0.83 0.83 0.83 0.83
0.87 0.87 0.87 0.87
0.82 0.82 0.82 0.82
0.82 0.82 0.82 0.82
0.82 0.82 0.82 0.82
0.83 0.83 0.83 0.83
0.83 0.83 0.83 0.83
0.83 0.83 0.83 0.83
0.82 0.82 0.82 0.82
0.83 0.83 0.83 0.83
0.83 0.83 0.83 0.83
0.83 0.83 0.83 0.83
0.83 0.83 0.83 0.83
0.83 0.83 0.83 0.83
0.83 0.83 0.83 0.83
0.82 0.82 0.82 0.82
0.83 0.83 0.83 0.83
0.83 0.83 0.83 0.83
0.83 0.83 0.83 0.83
0.83 0.83 0.83 0.83
0.83 0.83 0.83 0.83
0.83 0.83 0.83 0.83
0.82 0.82 0.82 0.82
0.82 0.82 0.82 0.82
0.82 0.82 0.82 0.82
0.83 0.83 0.83 0.83
0.83 0.83 0.83 0.83
0.83 0.83 0.83 0.83
0.82 0.82 0.82 0.82
0.83 0.83 0.83 0.83
0.83 0.83 0.83 0.83
0.83 0.83 0.83 0.83
0.87 0.87 0.87 0.87
0.82 0.82 0.82 0.82
0.82 0.82 0.82 0.82
0.82 0.82 0.82 0.82
0.83 0.83 0.83 0.83
0.83 0.83 0.83 0.83
0.83 0.83 0.83 0.83
0.83 0.83 0.83 0.83
0.83 0.83 0.83 0.83
0.87 0.87 0.87 0.87
0.82 0.82 0.82 0.82
0.82 0.82 0.82 0.82
0.82 0.82 0.82 0.82
0.83 0.83 0.83 0.83
0.83 0.83 0.83 0.83
0.83 0.83 0.83 0.83
0.83 0.83 0.83 0.83
0.83 0.83 0.83 0.83
0.83 0.83 0.83 0.83
0.87 0.87 0.87 0.87
0.82 0.82 0.82 0.82
0.82 0.82 0.82 0.82
0.82 0.82 0.82 0.82
0.83 0.83 0.83 0.83
0.82 0.82 0.82 0.82
0.82 0.82 0.82 0.82
0.82 0.82 0.82 0.82
0.82 0.82 0.82 0.82
0.83 0.83 0.83 0.83
0.83 0.83 0.83 0.83
0.83 0.83 0.83 0.83
0.83 0.83 0.83 0.83
0.83 0.83 0.83 0.83
0.82 0.82 0.82 0.82
0.82 0.82 0.82 0.82
0.82 0.82 0.82 0.82
0.83 0.83 0.83 0.83
0.83 0.83 0.83 0.83
0.83 0.83 0.83 0.83
0.83 0.83 0.83 0.83
0.83 0.83 0.83 0.83
0.83 0.83 0.83 0.83
0.82 0.82 0.82 0.82
0.82 0.82 0.82 0.82
0.82 0.82 0.82 0.82
0.83 0.83 0.83 0.83
0.83 0.83 0.83 0.83
0.83 0.83 0.83 0.83
0.82 0.82 0.82 0.82
0.83 0.83 0.83 0.83
0.83 0.83 0.83 0.83
0.83 0.83 0.83 0.83
0.87 0.87 0.87 0.87
0.87 0.87 0.87 0.87
0.89 0.89 0.89 0.89
0.89 0.89 0.89 0.89
0.89 0.89 0.89 0.89
0.89 0.89 0.89 0.89
0.89 0.89 0.89 0.89
0.89 0.89 0.89 0.89
0.88 0.88 0.88 0.88
0.89 0.89 0.89 0.89
0.87 0.87 0.87 0.87
0.89 0.89 0.89 0.89
0.89 0.89 0.89 0.89
0.87 0.87 0.87 0.87
0.89 0.89 0.89 0.89
0.87 0.87 0.87 0.87
0.87 0.87 0.87 0.87
0.87 0.87 0.87 0.87
0.87 0.87 0.87 0.87
0.87 0.87 0.87 0.87
0.87 0.87 0.87 0.87
0.87 0.87 0.87 0.87
0.87 0.87 0.87 0.87
0.87 0.87 0.87 0.87
0.87 0.87 0.87 0.87
0.87 0.87 0.87 0.87
0.87 0.87 0.87 0.87
0.87 0.87 0.87 0.87
0.87 0.87 0.87 0.87
0.87 0.87 0.87 0.87
0.87 0.87 0.87 0.87
0.87 0.87 0.87 0.87
0.83 0.83 0.83 0.83
0.82 0.82 0.82 0.82
0.82 0.82 0.82 0.82
0.82 0.82 0.82 0.82
0.83 0.83 0.83 0.83
0.83 0.83 0.83 0.83
0.83 0.83 0.83 0.83
0.82 0.82 0.82 0.82
0.83 0.83 0.83 0.83
0.83 0.83 0.83 0.83
0.83 0.83 0.83 0.83
0.87 0.87 0.87 0.87
0.87 0.87 0.87 0.87
0.89 0.89 0.89 0.89
0.89 0.89 0.89 0.89
0.89 0.89 0.89 0.89
0.89 0.89 0.89 0.89
0.89 0.89 0.89 0.89
0.89 0.89 0.89 0.89
0.88 0.88 0.88 0.88
0.89 0.89 0.89 0.89
0.87 0.87 0.87 0.87
0.89 0.89 0.89 0.89
0.89 0.89 0.89 0.89
0.87 0.87 0.87 0.87
0.89 0.89 0.89 0.89
0.87 0.87 0.87 0.87
0.87 0.87 0.87 0.87
0.87 0.87 0.87 0.87
0.87 0.87 0.87 0.87
0.87 0.87 0.87 0.87
0.87 0.87 0.87 0.87
0.87 0.87 0.87 0.87
0.87 0.87 0.87 0.87
0.87 0.87 0.87 0.87
0.87 0.87 0.87 0.87
0.87 0.87 0.87 0.87
0.87 0.87 0.87 0.87
0.87 0.87 0.87 0.87
0.87 0.87 0.87 0.87
0.87 0.87 0.87 0.87
0.87 0.87 0.87 0.87
0.87 0.87 0.87 0.87
0.82 0.82 0.82 0.82
0.82 0.82 0.82 0.82
0.82 0.82 0.82 0.82
0.82 0.82 0.82 0.82
0.83 0.83 0.83 0.83
0.83 0.83 0.83 0.83
0.83 0.83 0.83 0.83
0.83 0.83 0.83 0.83
0.83 0.83 0.83 0.83
0.82 0.82 0.82 0.82
0.82 0.82 0.82 0.82
0.82 0.82 0.82 0.82
0.83 0.83 0.83 0.83
0.83 0.83 0.83 0.83
0.83 0.83 0.83 0.83
0.83 0.83 0.83 0.83
0.83 0.83 0.83 0.83
0.83 0.83 0.83 0.83
0.82 0.82 0.82 0.82
0.82 0.82 0.82 0.82
0.82 0.82 0.82 0.82
0.83 0.83 0.83 0.83
0.83 0.83 0.83 0.83
0.83 0.83 0.83 0.83
0.82 0.82 0.82 0.82
0.83 0.83 0.83 0.83
0.83 0.83 0.83 0.83
0.83 0.83 0.83 0.83
0.87 0.87 0.87 0.87
0.82 0.82 0.82 0.82
0.82 0.82 0.82 0.82
0.82 0.82 0.82 0.82
0.83 0.83 0.83 0.83
0.83 0.83 0.83 0.83
0.83 0.83 0.83 0.83
0.82 0.82 0.82 0.82
0.83 0.83 0.83 0.83
0.83 0.83 0.83 0.83
0.83 0.83 0.83 0.83
0.83 0.83 0.83 0.83
0.83 0.83 0.83 0.83
0.83 0.83 0.83 0.83
0.82 0.82 0.82 0.82
0.82 0.82 0.82 0.82
0.82 0.82 0.82 0.82
0.83 0.83 0.83 0.83
0.83 0.83 0.83 0.83
0.83 0.83 0.83 0.83
0.82 0.82 0.82 0.82
0.83 0.83 0.83 0.83
0.83 0.83 0.83 0.83
0.83 0.83 0.83 0.83
0.87 0.87 0.87 0.87
0.82 0.82 0.82 0.82
0.82 0.82 0.82 0.82
0.82 0.82 0.82 0.82
0.83 0.83 0.83 0.83
0.83 0.83 0.83 0.83
0.83 0.83 0.83 0.83
0.83 0.83 0.83 0.83
0.83 0.83 0.83 0.83
0.87 0.87 0.87 0.87
0.82 0.82 0.82 0.82
0.82 0.82 0.82 0.82
0.82 0.82 0.82 0.82
0.83 0.83 0.83 0.83
0.83 0.83 0.83 0.83
0.83 0.83 0.83 0.83
0.82 0.82 0.82 0.82
0.83 0.83 0.83 0.83
0.83 0.83 0.83 0.83
0.83 0.83 0.83 0.83
0.83 0.83 0.83 0.83
0.83 0.83 0.83 0.83
0.83 0.83 0.83 0.83
0.82 0.82 0.82 0.82
0.83 0.83 0.83 0.83
0.83 0.83 0.83 0.83
0.83 0.83 0.83 0.83
0.83 0.83 0.83 0.83
0.83 0.83 0.83 0.83
0.83 0.83 0.83 0.83
0.82 0.82 0.82 0.82
0.82 0.82 0.82 0.82
0.82 0.82 0.82 0.82
0.83 0.83 0.83 0.83
0.83 0.83 0.83 0.83
0.83 0.83 0.83 0.83
0.82 0.82 0.82 0.82
0.83 0.83 0.83 0.83
0.83 0.83 0.83 0.83
0.83 0.83 0.83 0.83
0.87 0.87 0.87 0.87
0.82 0.82 0.82 0.82
0.82 0.82 0.82 0.82
0.82 0.82 0.82 0.82
0.83 0.83 0.83 0.83
0.83 0.83 0.83 0.83
0.83 0.83 0.83 0.83
0.83 0.83 0.83 0.83
0.83 0.83 0.83 0.83
0.87 0.87 0.87 0.87
0.82 0.82 0.82 0.82
0.82 0.82 0.82 0.82
0.82 0.82 0.82 0.82
0.83 0.83 0.83 0.83
0.83 0.83 0.83 0.83
0.83 0.83 0.83 0.83
0.83 0.83 0.83 0.83
0.83 0.83 0.83 0.83
0.83 0.83 0.83 0.83
0.87 0.87 0.87 0.87
0.82 0.82 0.82 0.82
0.82 0.82 0.82 0.82
0.82 0.82 0.82 0.82
0.83 0.83 0.83 0.83
0.83 0.83 0.83 0.83
0.82 0.82 0.82 0.82
0.83 0.83 0.83 0.83
0.83 0.83 0.83 0.83
0.83 0.83 0.83 0.83
0.83 0.83 0.83 0.83
0.83 0.83 0.83 0.83
0.83 0.83 0.83 0.83
0.82 0.82 0.82 0.82
0.82 0.82 0.82 0.82
0.82 0.82 0.82 0.82
0.83 0.83 0.83 0.83
0.83 0.83 0.83 0.83
0.83 0.83 0.83 0.83
0.82 0.82 0.82 0.82
0.83 0.83 0.83 0.83
0.83 0.83 0.83 0.83
0.83 0.83 0.83 0.83
0.87 0.87 0.87 0.87
0.82 0.82 0.82 0.82
0.82 0.82 0.82 0.82
0.82 0.82 0.82 0.82
0.83 0.83 0.83 0.83
0.83 0.83 0.83 0.83
0.83 0.83 0.83 0.83
0.83 0.83 0.83 0.83
0.83 0.83 0.83 0.83
0.87 0.87 0.87 0.87
0.82 0.82 0.82 0.82
0.82 0.82 0.82 0.82
0.82 0.82 0.82 0.82
0.83 0.83 0.83 0.83
0.83 0.83 0.83 0.83
0.83 0.83 0.83 0.83
0.82 0.82 0.82 0.82
0.83 0.83 0.83 0.83
0.83 0.83 0.83 0.83
0.83 0.83 0.83 0.83
0.87 0.83 0.83 0.83
0.82 0.83 0.83 0.83
0.82 0.83 0.83 0.83
0.82 0.82 0.82 0.82
0.83 0.83 0.83 0.83
0.83 0.83 0.83 0.83
0.83 0.83 0.83 0.83
0.82 0.83 0.83 0.83
0.83 0.83 0.83 0.83
0.83 0.83 0.83 0.83
0.83 0.82 0.82 0.82
0.83 0.82 0.82 0.82
0.83 0.82 0.82 0.82
0.83 0.83 0.83 0.83
0.82 0.83 0.83 0.83
0.82 0.83 0.83 0.83
0.82 0.82 0.82 0.82
0.83 0.83 0.83 0.83
0.83 0.83 0.83 0.83
0.83 0.83 0.83 0.83
0.82 0.87 0.87 0.87
0.83 0.82 0.82 0.82
0.83 0.82 0.82 0.82
0.83 0.82 0.82 0.87
0.87 0.83 0.83 0.82
0.82 0.83 0.83 0.82
0.82 0.83 0.83 0.82
0.82 0.83 0.83 0.83
0.83 0.83 0.83 0.83
0.83 0.87 0.87 0.83
0.83 0.82 0.82 0.82
0.83 0.82 0.87 0.83
0.83 0.82 0.82 0.83
0.87 0.83 0.82 0.83
0.82 0.83 0.82 0.83
0.82 0.83 0.83 0.83
0.82 0.83 0.83 0.83
0.83 0.83 0.83 0.82
0.83 0.83 0.82 0.82
0.83 0.87 0.83 0.82
0.82 0.82 0.83 0.83
0.83 0.82 0.83 0.83
0.83 0.82 0.83 0.83
0.83 0.83 0.83 0.82
0.83 0.82 0.83 0.83
0.83 0.82 0.82 0.83
0.83 0.82 0.82 0.83
0.82 0.82 0.82 0.87
0.83 0.83 0.83 0.82
0.83 0.83 0.83 0.82
0.83 0.83 0.83 0.82
0.83 0.83 0.82 0.83
0.83 0.83 0.83 0.83
0.83 0.82 0.83 0.83
0.82 0.82 0.83 0.83
0.82 0.82 0.87 0.83
0.82 0.83 0.82 0.87
0.83 0.83 0.82 0.82
0.83 0.83 0.82 0.82
0.83 0.83 0.83 0.82
0.82 0.83 0.83 0.83
0.83 0.83 0.83 0.83
0.83 0.82 0.83 0.83
0.83 0.82 0.83 0.82
0.87 0.82 0.87 0.83
0.82 0.83 0.82 0.83
0.82 0.83 0.82 0.83
0.82 0.83 0.82 0.83
0.83 0.82 0.83 0.83
0.83 0.83 0.83 0.83
0.83 0.83 0.83 0.82
0.83 0.83 0.82 0.83
0.83 0.87 0.83 0.83
0.87 0.87 0.83 0.83
0.82 0.89 0.83 0.83
0.82 0.89 0.83 0.83
0.82 0.89 0.83 0.83
0.83 0.89 0.83 0.82
0.83 0.89 0.82 0.82
0.83 0.89 0.83 0.82
0.83 0.88 0.83 0.83
0.83 0.89 0.83 0.83
0.83 0.87 0.83 0.83
0.87 0.89 0.83 0.82
0.82 0.89 0.83 0.83
0.82 0.87 0.82 0.83
0.82 0.89 0.82 0.83
0.83 0.87 0.82 0.87
0.83 0.87 0.83 0.82
0.82 0.87 0.83 0.82
0.83 0.87 0.83 0.82
0.83 0.87 0.82 0.83
0.83 0.87 0.83 0.83
0.83 0.87 0.83 0.83
0.83 0.87 0.83 0.83
0.83 0.87 0.87 0.83
0.82 0.87 0.82 0.87
0.82 0.87 0.82 0.82
0.82 0.87 0.82 0.82
0.83 0.87 0.83 0.82
0.83 0.87 0.83 0.83
0.83 0.87 0.83 0.83
0.82 0.87 0.83 0.83
0.83 0.87 0.83 0.83
0.83 0.83 0.87 0.83
0.83 0.82 0.82 0.83
0.87 0.82 0.82 0.87
0.82 0.82 0.82 0.82
0.82 0.83 0.83 0.82
0.82 0.83 0.83 0.82
0.83 0.83 0.83 0.83
0.83 0.82 0.83 0.83
0.83 0.83 0.83 0.82
0.83 0.83 0.83 0.83
0.83 0.83 0.87 0.83
0.87 0.87 0.82 0.83
0.82 0.87 0.82 0.83
0.82 0.89 0.82 0.83
0.82 0.89 0.83 0.83
0.83 0.89 0.83 0.82
0.83 0.89 0.82 0.82
0.83 0.89 0.83 0.82
0.82 0.89 0.83 0.83
0.83 0.88 0.83 0.83
0.83 0.89 0.83 0.83
0.83 0.87 0.83 0.82
0.83 0.89 0.83 0.83
0.83 0.89 0.82 0.83
0.83 0.87 0.82 0.83
0.82 0.89 0.82 0.87
0.83 0.87 0.83 0.82
0.83 0.87 0.83 0.82
0.83 0.87 0.83 0.82
0.83 0.87 0.82 0.83
0.83 0.87 0.83 0.83
0.83 0.87 0.83 0.83
0.82 0.87 0.83 0.83
0.82 0.87 0.87 0.83
0.82 0.87 0.82 0.87
0.83 0.87 0.82 0.82
0.83 0.87 0.82 0.82
0.83 0.87 0.83 0.82
0.82 0.87 0.83 0.83
0.83 0.87 0.83 0.83
0.83 0.87 0.83 0.83
0.83 0.87 0.83 0.82
0.87 0.87 0.87 0.83
0.82 0.82 0.82 0.83
0.82 0.82 0.82 0.83
0.82 0.82 0.82 0.83
0.83 0.82 0.83 0.83
0.83 0.83 0.83 0.83
0.83 0.83 0.83 0.82
0.83 0.83 0.82 0.83
0.83 0.83 0.83 0.83
0.87 0.83 0.83 0.83
0.82 0.82 0.83 0.83
0.82 0.82 0.83 0.83
0.82 0.82 0.83 0.83
0.83 0.83 0.83 0.82
0.83 0.83 0.82 0.82
0.83 0.83 0.83 0.82
0.83 0.83 0.83 0.83
0.83 0.83 0.83 0.83
0.83 0.83 0.83 0.83
0.87 0.82 0.83 0.82
0.82 0.82 0.83 0.83
0.82 0.82 0.82 0.83
0.82 0.83 0.82 0.83
0.83 0.83 0.82 0.87
0.83 0.83 0.83 0.82
0.87 0.82 0.83 0.82
0.82 0.83 0.83 0.82
0.82 0.83 0.82 0.83
0.82 0.83 0.83 0.83
0.83 0.87 0.83 0.83
0.83 0.82 0.83 0.83
0.83 0.82 0.87 0.83
0.83 0.82 0.82 0.87
0.83 0.83 0.82 0.82
0.87 0.83 0.82 0.82
0.82 0.83 0.83 0.82
0.82 0.82 0.83 0.83
0.82 0.83 0.83 0.83
0.83 0.83 0.83 0.83
0.83 0.83 0.83 0.83
0.83 0.83 0.87 0.83
0.83 0.83 0.82 0.83
0.83 0.83 0.82 0.87
0.83 0.82 0.82 0.82
0.87 0.82 0.83 0.82
0.82 0.82 0.83 0.82
0.82 0.83 0.83 0.83
0.82 0.83 0.83 0.83
0.83 0.83 0.83 0.87
0.82 0.82 0.83 0.82
0.82 0.83 0.87 0.82
0.82 0.83 0.82 0.82
0.82 0.83 0.82 0.83
0.83 0.87 0.82 0.83
0.83 0.82 0.83 0.83
0.83 0.82 0.83 0.83
0.83 0.82 0.87 0.83
0.83 0.83 0.82 0.87
0.82 0.83 0.82 0.82
0.82 0.83 0.82 0.82
0.82 0.83 0.83 0.82
0.83 0.83 0.83 0.83
0.83 0.87 0.83 0.83
0.83 0.82 0.83 0.83
0.83 0.82 0.83 0.83
0.83 0.82 0.87 0.83
0.83 0.83 0.82 0.83
0.82 0.83 0.82 0.87
0.82 0.83 0.82 0.82
0.82 0.82 0.83 0.82
0.83 0.83 0.83 0.82
0.83 0.83 0.83 0.83
0.83 0.83 0.83 0.82
0.82 0.83 0.83 0.82
0.83 0.83 0.83 0.82
0.83 0.83 0.87 0.82
0.83 0.82 0.82 0.83
0.87 0.83 0.82 0.83
0.87 0.83 0.82 0.83
0.89 0.83 0.83 0.83
0.89 0.83 0.82 0.83
0.89 0.83 0.82 0.82
0.89 0.83 0.82 0.82
0.89 0.82 0.82 0.82
0.89 0.82 0.83 0.83
0.88 0.82 0.83 0.83
0.89 0.83 0.83 0.83
0.87 0.83 0.83 0.83
0.89 0.83 0.83 0.83
0.89 0.82 0.82 0.83
0.87 0.83 0.82 0.82
0.89 0.83 0.82 0.82
0.87 0.83 0.83 0.82
0.87 0.87 0.83 0.83
0.87 0.82 0.83 0.83
0.87 0.82 0.83 0.83
0.87 0.82 0.83 0.82
0.87 0.83 0.83 0.83
0.87 0.83 0.82 0.83
0.87 0.83 0.82 0.83
0.87 0.83 0.82 0.87
0.87 0.83 0.83 0.87
0.87 0.87 0.83 0.89
0.87 0.82 0.83 0.89
0.87 0.82 0.82 0.89
0.87 0.82 0.83 0.89
0.87 0.83 0.83 0.89
0.87 0.83 0.83 0.89
0.87 0.83 0.87 0.88
0.83 0.83 0.87 0.89
0.82 0.83 0.89 0.87
0.82 0.83 0.89 0.89
0.82 0.87 0.89 0.89
0.83 0.82 0.89 0.87
0.83 0.82 0.89 0.89
0.83 0.82 0.89 0.87
0.82 0.83 0.88 0.87
0.83 0.83 0.89 0.87
0.83 0.82 0.87 0.87
0.83 0.83 0.89 0.87
0.87 0.83 0.89 0.87
0.87 0.83 0.87 0.87
0.89 0.83 0.89 0.87
0.89 0.83 0.87 0.87
0.89 0.83 0.87 0.87
0.89 0.82 0.87 0.87
0.89 0.82 0.87 0.87
0.89 0.82 0.87 0.87
0.88 0.83 0.87 0.87
0.89 0.83 0.87 0.87
0.87 0.83 0.87 0.87
0.89 0.82 0.87 0.87
0.89 0.83 0.87 0.83
0.87 0.83 0.87 0.82
0.89 0.83 0.87 0.82
0.87 0.87 0.87 0.82
0.87 0.82 0.87 0.83
0.87 0.82 0.87 0.83
0.87 0.82 0.87 0.83
0.87 0.83 0.87 0.82
0.87 0.83 0.83 0.83
0.87 0.83 0.82 0.83
0.87 0.83 0.82 0.83
0.87 0.83 0.82 0.87
0.87 0.87 0.83 0.87
0.87 0.82 0.83 0.89
0.87 0.82 0.83 0.89
0.87 0.82 0.82 0.89
0.87 0.83 0.83 0.89
0.87 0.83 0.83 0.89
0.87 0.83 0.83 0.89
0.87 0.82 0.87 0.88
0.82 0.83 0.87 0.89
0.82 0.83 0.89 0.87
0.82 0.83 0.89 0.89
0.82 0.83 0.89 0.89
0.83 0.83 0.89 0.87
0.83 0.83 0.89 0.89
0.83 0.82 0.89 0.87
0.83 0.83 0.88 0.87
0.83 0.83 0.89 0.87
0.82 0.83 0.87 0.87
0.82 0.83 0.89 0.87
0.82 0.83 0.89 0.87
0.83 0.83 0.87 0.87
0.83 0.82 0.89 0.87
0.83 0.82 0.87 0.87
0.83 0.82 0.87 0.87
0.83 0.83 0.87 0.87
0.83 0.83 0.87 0.87
0.82 0.83 0.87 0.87
0.82 0.82 0.87 0.87
0.82 0.83 0.87 0.87
0.83 0.83 0.87 0.87
0.83 0.83 0.87 0.87
0.83 0.87 0.87 0.82
0.82 0.82 0.87 0.82
0.83 0.82 0.87 0.82
0.83 0.82 0.87 0.82
0.83 0.83 0.87 0.83
0.87 0.83 0.87 0.83
0.82 0.83 0.87 0.83
0.82 0.83 0.87 0.83
0.82 0.83 0.82 0.83
0.83 0.87 0.82 0.82
0.83 0.82 0.82 0.82
0.83 0.82 0.82 0.82
0.82 0.82 0.83 0.83
0.83 0.83 0.83 0.83
0.83 0.83 0.83 0.83
0.83 0.83 0.83 0.83
0.83 0.83 0.83 0.83
0.83 0.83 0.82 0.83
0.83 0.83 0.82 0.82
0.82 0.87 0.82 0.82
0.82 0.82 0.83 0.82
0.82 0.82 0.83 0.83
0.83 0.82 0.83 0.83
0.83 0.83 0.83 0.83
0.83 0.83 0.83 0.82
0.82 0.87 0.83 0.83
0.83 0.82 0.82 0.83
0.83 0.82 0.82 0.83
0.83 0.82 0.82 0.87
0.83 0.83 0.83 0.82
0.83 0.83 0.83 0.82
0.83 0.83 0.83 0.82
0.87 0.83 0.82 0.83
0.82 0.83 0.83 0.83
0.82 0.87 0.83 0.83
0.82 0.82 0.83 0.82
0.83 0.82 0.87 0.83
0.83 0.82 0.82 0.83
0.83 0.83 0.82 0.83
0.83 0.83 0.82 0.83
0.83 0.83 0.83 0.83
0.87 0.83 0.83 0.83
0.82 0.83 0.83 0.82
0.82 0.83 0.82 0.82
0.82 0.87 0.83 0.82
0.83 0.82 0.83 0.83
0.83 0.82 0.83 0.83
0.83 0.82 0.83 0.83
0.82 0.83 0.83 0.82
0.83 0.82 0.83 0.83
0.83 0.82 0.82 0.83
0.83 0.82 0.82 0.83
0.83 0.82 0.82 0.83
0.83 0.83 0.83 0.83
0.83 0.83 0.83 0.83
0.82 0.83 0.83 0.87
0.83 0.83 0.82 0.82
0.83 0.83 0.83 0.82
0.83 0.82 0.83 0.82
0.83 0.82 0.83 0.83
0.83 0.82 0.83 0.83
0.83 0.83 0.83 0.83
0.82 0.83 0.83 0.83
0.82 0.83 0.87 0.83
0.82 0.83 0.82 0.87
0.83 0.83 0.82 0.82
0.83 0.83 0.82 0.82
0.83 0.82 0.83 0.82
0.82 0.82 0.83 0.83
0.83 0.82 0.83 0.83
0.83 0.83 0.83 0.83
0.83 0.83 0.83 0.82
0.87 0.83 0.87 0.83
0.82 0.82 0.82 0.83
0.82 0.83 0.82 0.83
0.82 0.83 0.82 0.83
0.83 0.83 0.83 0.83
0.83 0.87 0.83 0.83
0.83 0.87 0.83 0.82
0.83 0.89 0.82 0.83
0.83 0.89 0.83 0.83
0.87 0.89 0.83 0.83
0.82 0.89 0.83 0.83
0.82 0.89 0.83 0.83
0.82 0.89 0.83 0.83
0.83 0.88 0.83 0.82
0.83 0.89 0.82 0.82
0.83 0.87 0.83 0.82
0.83 0.89 0.83 0.83
0.83 0.89 0.83 0.83
0.83 0.87 0.83 0.83
0.87 0.89 0.83 0.82
0.82 0.87 0.83 0.83
0.82 0.87 0.82 0.83
0.82 0.87 0.82 0.83
0.83 0.87 0.82 0.87
0.83 0.87 0.83 0.82
0.87 0.87 0.83 0.82
0.82 0.87 0.83 0.82
0.82 0.87 0.82 0.83
0.82 0.87 0.83 0.83
0.83 0.87 0.83 0.83
0.83 0.87 0.83 0.83
0.83 0.87 0.87 0.83
0.83 0.87 0.82 0.87
0.83 0.87 0.82 0.82
0.87 0.87 0.82 0.82
0.82 0.87 0.83 0.82
0.82 0.87 0.83 0.83
0.82 0.83 0.83 0.83
0.83 0.82 0.83 0.83
0.83 0.82 0.83 0.83
0.83 0.82 0.87 0.83
0.83 0.83 0.82 0.83
0.83 0.83 0.82 0.87
0.83 0.83 0.82 0.82
0.87 0.82 0.83 0.82
0.82 0.83 0.83 0.82
0.82 0.83 0.83 0.83
0.82 0.83 0.83 0.83
0.83 0.87 0.83 0.87
0.82 0.87 0.83 0.82
0.82 0.89 0.87 0.82
0.82 0.89 0.82 0.82
0.82 0.89 0.82 0.83
0.83 0.89 0.82 0.83
0.83 0.89 0.83 0.83
0.83 0.89 0.83 0.83
0.83 0.88 0.87 0.83
0.83 0.89 0.82 0.87
0.82 0.87 0.82 0.82
0.82 0.89 0.82 0.82
0.82 0.89 0.83 0.82
0.83 0.87 0.83 0.83
0.83 0.89 0.83 0.83
0.83 0.87 0.83 0.83
0.83 0.87 0.83 0.83
0.83 0.87 0.87 0.83
0.83 0.87 0.82 0.83
0.83 0.87 0.82 0.87
0.83 0.87 0.82 0.82
0.87 0.87 0.83 0.82
0.82 0.87 0.83 0.82
0.82 0.87 0.83 0.83
0.82 0.87 0.83 0.82
0.83 0.87 0.83 0.82
0.83 0.87 0.83 0.82
0.83 0.87 0.87 0.82
0.82 0.87 0.82 0.83
0.83 0.87 0.82 0.83
0.83 0.87 0.82 0.83
0.83 0.87 0.83 0.83
0.83 0.82 0.82 0.83
0.83 0.82 0.82 0.82
0.83 0.82 0.82 0.82
0.82 0.82 0.82 0.82
0.83 0.83 0.83 0.83
0.83 0.83 0.83 0.83
0.83 0.83 0.83 0.83
0.83 0.83 0.83 0.83
0.83 0.83 0.83 0.83
0.83 0.82 0.82 0.83
0.82 0.82 0.82 0.83
0.82 0.82 0.82 0.83
0.82 0.83 0.83 0.87
0.83 0.83 0.83 0.82
0.83 0.83 0.83 0.82
0.83 0.83 0.83 0.82
0.82 0.83 0.83 0.83
0.83 0.83 0.83 0.83
0.82 0.82 0.83 0.83
0.82 0.82 0.83 0.82
0.82 0.82 0.87 0.83
0.83 0.83 0.82 0.83
0.83 0.83 0.82 0.83
0.83 0.83 0.82 0.83
0.82 0.82 0.83 0.83
0.83 0.83 0.83 0.83
0.83 0.83 0.83 0.82
0.83 0.83 0.82 0.83
0.87 0.87 0.83 0.83
0.82 0.82 0.83 0.83
0.82 0.82 0.83 0.83
0.82 0.82 0.83 0.83
0.83 0.83 0.83 0.83
0.83 0.83 0.83 0.82
0.83 0.83 0.82 0.82
0.82 0.82 0.83 0.82
0.83 0.83 0.83 0.83
0.83 0.83 0.83 0.83
0.83 0.83 0.83 0.83
0.83 0.83 0.83 0.82
0.83 0.83 0.83 0.83
0.83 0.83 0.82 0.83
0.82 0.82 0.82 0.82
0.82 0.82 0.82 0.82
0.82 0.82 0.83 0.82
0.83 0.83 0.83 0.83
0.83 0.83 0.83 0.83
0.83 0.83 0.82 0.83
0.82 0.82 0.83 0.82
0.83 0.83 0.83 0.83
0.83 0.83 0.83 0.83
0.83 0.83 0.83 0.83
0.83 0.83 0.83 0.83
0.83 0.83 0.83 0.83
0.83 0.83 0.83 0.83
0.87 0.87 0.87 0.87
0.82 0.82 0.82 0.82
0.82 0.82 0.82 0.82
0.82 0.82 0.82 0.82
0.83 0.83 0.83 0.83
0.83 0.83 0.83 0.83
0.83 0.83 0.83 0.83
0.83 0.83 0.83 0.83
0.83 0.83 0.83 0.83
0.87 0.87 0.87 0.87
0.82 0.82 0.82 0.82
0.82 0.82 0.82 0.82
0.82 0.82 0.82 0.82
0.83 0.83 0.83 0.83
0.83 0.83 0.83 0.83
0.83 0.83 0.83 0.83
0.82 0.82 0.82 0.82
0.83 0.83 0.83 0.83
0.83 0.83 0.83 0.83
0.83 0.83 0.83 0.83
0.83 0.83 0.83 0.83
0.83 0.83 0.83 0.83
0.83 0.83 0.83 0.83
0.82 0.82 0.82 0.82
0.83 0.83 0.83 0.83
0.83 0.83 0.83 0.83
0.83 0.83 0.83 0.83
0.83 0.83 0.83 0.83
0.83 0.83 0.83 0.83
0.83 0.83 0.83 0.83
0.82 0.82 0.82 0.82
0.82 0.82 0.82 0.82
0.82 0.82 0.82 0.82
0.83 0.83 0.83 0.83
0.83 0.83 0.83 0.83
0.83 0.83 0.83 0.83
0.82 0.82 0.82 0.82
0.83 0.83 0.83 0.83
0.83 0.83 0.83 0.83
0.83 0.83 0.83 0.83
0.87 0.87 0.87 0.87
0.82 0.82 0.82 0.82
0.82 0.82 0.82 0.82
0.82 0.82 0.82 0.82
0.83 0.83 0.83 0.83
0.83 0.83 0.83 0.83
0.83 0.83 0.83 0.83
0.83 0.83 0.83 0.83
0.83 0.83 0.83 0.83
0.87 0.87 0.87 0.87
0.82 0.82 0.82 0.82
0.82 0.82 0.82 0.82
0.82 0.82 0.82 0.82
0.83 0.83 0.83 0.83
0.83 0.83 0.83 0.83
0.83 0.83 0.83 0.83
0.83 0.83 0.83 0.83
0.83 0.83 0.83 0.83
0.83 0.83 0.83 0.83
0.87 0.87 0.87 0.87
0.82 0.82 0.82 0.82
0.82 0.82 0.82 0.82
0.82 0.82 0.82 0.82
0.83 0.83 0.83 0.83
0.83 0.83 0.83 0.83
0.87 0.87 0.87 0.87
0.82 0.82 0.82 0.82
0.82 0.82 0.82 0.82
0.82 0.82 0.82 0.82
0.83 0.83 0.83 0.83
0.83 0.83 0.83 0.83
0.83 0.83 0.83 0.83
0.83 0.83 0.83 0.83
0.83 0.83 0.83 0.83
0.87 0.87 0.87 0.87
0.82 0.82 0.82 0.82
0.82 0.82 0.82 0.82
0.82 0.82 0.82 0.82
0.83 0.83 0.83 0.83
0.83 0.83 0.83 0.83
0.83 0.83 0.83 0.83
0.83 0.83 0.83 0.83
0.83 0.83 0.83 0.83
0.83 0.83 0.83 0.83
0.87 0.87 0.87 0.87
0.82 0.82 0.82 0.82
0.82 0.82 0.82 0.82
0.82 0.82 0.82 0.82
0.83 0.83 0.83 0.83
0.82 0.82 0.82 0.82
0.82 0.82 0.82 0.82
0.82 0.82 0.82 0.82
0.82 0.82 0.82 0.82
0.83 0.83 0.83 0.83
0.83 0.83 0.83 0.83
0.83 0.83 0.83 0.83
0.83 0.83 0.83 0.83
0.83 0.83 0.83 0.83
0.82 0.82 0.82 0.82
0.82 0.82 0.82 0.82
0.82 0.82 0.82 0.82
0.83 0.83 0.83 0.83
0.83 0.83 0.83 0.83
0.83 0.83 0.83 0.83
0.83 0.83 0.83 0.83
0.83 0.83 0.83 0.83
0.83 0.83 0.83 0.83
0.82 0.83 0.83 0.83
0.82 0.83 0.83 0.83
0.82 0.87 0.87 0.87
0.83 0.82 0.82 0.82
0.83 0.82 0.82 0.82
0.83 0.82 0.82 0.82
0.82 0.83 0.83 0.83
0.83 0.83 0.83 0.83
0.83 0.83 0.83 0.83
0.83 0.82 0.82 0.82
0.87 0.83 0.83 0.83
0.87 0.83 0.83 0.83
0.89 0.83 0.83 0.83
0.89 0.83 0.83 0.83
0.89 0.83 0.83 0.83
0.89 0.83 0.83 0.83
0.89 0.82 0.82 0.82
0.89 0.83 0.83 0.83
0.88 0.83 0.83 0.83
0.89 0.83 0.83 0.83
0.87 0.83 0.83 0.83
0.89 0.83 0.83 0.83
0.89 0.83 0.83 0.83
0.87 0.82 0.82 0.82
0.89 0.82 0.82 0.82
0.87 0.82 0.82 0.82
0.87 0.83 0.83 0.83
0.87 0.83 0.83 0.83
0.87 0.83 0.83 0.83
0.87 0.82 0.82 0.82
0.87 0.83 0.83 0.83
0.87 0.83 0.83 0.83
0.87 0.83 0.83 0.83
0.87 0.87 0.87 0.87
0.87 0.82 0.82 0.82
0.87 0.87 0.87 0.87
0.87 0.87 0.87 0.87
0.87 0.87 0.87 0.87
0.87 0.87 0.87 0.87
0.87 0.87 0.87 0.87
0.87 0.87 0.87 0.87
0.87 0.87 0.87 0.87
0.83 0.83 0.83 0.83
0.82 0.82 0.82 0.82
0.82 0.82 0.82 0.82
0.82 0.82 0.82 0.82
0.83 0.83 0.83 0.83
0.83 0.83 0.83 0.83
0.83 0.83 0.83 0.83
0.82 0.82 0.82 0.82
0.83 0.83 0.83 0.83
0.83 0.83 0.83 0.83
0.83 0.83 0.83 0.83
0.87 0.87 0.87 0.87
0.87 0.87 0.87 0.87
0.89 0.89 0.89 0.89
0.89 0.89 0.89 0.89
0.89 0.89 0.89 0.89
0.89 0.89 0.89 0.89
0.89 0.89 0.89 0.89
0.89 0.89 0.89 0.89
0.88 0.88 0.88 0.88
0.89 0.89 0.89 0.89
0.87 0.87 0.87 0.87
0.89 0.89 0.89 0.89
0.89 0.89 0.89 0.89
0.87 0.87 0.87 0.87
0.89 0.89 0.89 0.89
0.87 0.83 0.83 0.83
0.87 0.83 0.83 0.83
0.87 0.83 0.83 0.83
0.87 0.83 0.83 0.83
0.87 0.87 0.87 0.87
0.87 0.82 0.82 0.82
0.87 0.82 0.82 0.82
0.87 0.82 0.82 0.82
0.87 0.83 0.83 0.83
0.87 0.83 0.83 0.83
0.87 0.83 0.83 0.83
0.87 0.82 0.82 0.82
0.87 0.83 0.83 0.83
0.87 0.83 0.83 0.83
0.87 0.83 0.83 0.83
0.87 0.83 0.83 0.83
0.87 0.83 0.83 0.83
0.82 0.83 0.83 0.83
0.82 0.82 0.82 0.82
0.82 0.83 0.83 0.83
0.82 0.83 0.83 0.83
0.83 0.83 0.83 0.83
0.83 0.83 0.83 0.83
0.83 0.83 0.83 0.83
0.83 0.83 0.83 0.83
0.83 0.82 0.82 0.82
0.82 0.82 0.82 0.82
0.82 0.82 0.82 0.82
0.82 0.83 0.83 0.83
0.83 0.83 0.83 0.83
0.83 0.83 0.83 0.83
0.83 0.82 0.82 0.82
0.83 0.83 0.83 0.83
0.83 0.83 0.83 0.83
0.83 0.83 0.83 0.83
0.82 0.87 0.87 0.87
0.82 0.82 0.82 0.82
0.82 0.82 0.82 0.82
0.83 0.83 0.83 0.83
0.83 0.83 0.83 0.83
0.83 0.83 0.83 0.83
0.82 0.82 0.82 0.82
0.83 0.83 0.83 0.83
0.83 0.83 0.83 0.83
0.83 0.83 0.83 0.83
0.87 0.87 0.87 0.87
0.82 0.82 0.82 0.82
0.82 0.82 0.82 0.82
0.82 0.82 0.82 0.82
0.83 0.83 0.83 0.83
0.83 0.83 0.83 0.83
0.83 0.83 0.83 0.83
0.82 0.82 0.82 0.82
0.83 0.83 0.83 0.83
0.83 0.83 0.83 0.83
0.83 0.83 0.83 0.83
0.83 0.83 0.83 0.83
0.83 0.83 0.83 0.83
0.83 0.83 0.83 0.83
0.82 0.82 0.82 0.82
0.82 0.82 0.82 0.82
0.82 0.82 0.82 0.82
0.83 0.83 0.83 0.83
0.83 0.83 0.83 0.83
0.83 0.83 0.83 0.83
0.82 0.82 0.82 0.82
0.83 0.83 0.83 0.83
0.83 0.83 0.83 0.83
0.83 0.83 0.83 0.83
0.83 0.83 0.83 0.83
0.83 0.83 0.83 0.83
0.83 0.83 0.83 0.83
0.87 0.87 0.87 0.87
0.82 0.82 0.82 0.82
0.82 0.82 0.82 0.82
0.82 0.82 0.82 0.82
0.83 0.83 0.83 0.83
0.83 0.83 0.83 0.83
0.83 0.83 0.83 0.83
0.83 0.83 0.83 0.83
0.83 0.83 0.83 0.83
0.87 0.87 0.87 0.87
0.82 0.82 0.82 0.82
0.82 0.82 0.82 0.82
0.82 0.82 0.82 0.82
0.83 0.83 0.83 0.83
0.83 0.83 0.83 0.83
0.83 0.83 0.83 0.83
0.82 0.82 0.82 0.82
0.83 0.83 0.83 0.83
0.83 0.83 0.83 0.83
0.83 0.83 0.83 0.83
0.83 0.83 0.83 0.83
0.83 0.83 0.83 0.83
0.83 0.83 0.83 0.83
0.82 0.82 0.82 0.82
0.83 0.83 0.83 0.83
0.83 0.83 0.83 0.83
0.83 0.83 0.83 0.83
0.83 0.83 0.83 0.83
0.83 0.83 0.83 0.83
0.83 0.83 0.83 0.83
0.82 0.82 0.82 0.82
0.82 0.82 0.82 0.82
0.82 0.82 0.82 0.82
0.83 0.83 0.83 0.83
0.83 0.83 0.83 0.83
0.83 0.83 0.83 0.83
0.82 0.82 0.82 0.82
0.83 0.83 0.83 0.83
0.83 0.83 0.83 0.83
0.83 0.83 0.83 0.83
0.87 0.87 0.87 0.87
0.82 0.82 0.82 0.82
0.82 0.82 0.82 0.82
0.82 0.82 0.82 0.82
0.83 0.83 0.83 0.83
0.83 0.83 0.83 0.83
0.83 0.83 0.83 0.83
0.83 0.83 0.83 0.83
0.83 0.83 0.83 0.83
0.87 0.87 0.87 0.87
0.82 0.82 0.82 0.82
0.82 0.82 0.82 0.82
0.82 0.82 0.82 0.82
0.83 0.83 0.83 0.83
0.83 0.83 0.83 0.83
0.83 0.83 0.83 0.83
0.83 0.83 0.83 0.83
0.83 0.83 0.83 0.83
0.83 0.83 0.83 0.83
0.87 0.87 0.87 0.87
0.82 0.82 0.82 0.82
0.82 0.82 0.82 0.82
0.82 0.82 0.82 0.82
0.83 0.83 0.83 0.83
0.83 0.83 0.83 0.83
0.87 0.87 0.87 0.87
0.82 0.82 0.82 0.82
0.82 0.82 0.82 0.82
0.82 0.82 0.82 0.82
0.83 0.83 0.83 0.83
0.83 0.83 0.83 0.83
0.83 0.83 0.83 0.83
0.83 0.83 0.83 0.83
0.83 0.83 0.83 0.83
0.87 0.87 0.87 0.87
0.82 0.82 0.82 0.82
0.82 0.82 0.82 0.82
0.82 0.82 0.82 0.82
0.83 0.83 0.83 0.83
0.83 0.83 0.83 0.83
0.83 0.83 0.83 0.83
0.83 0.83 0.83 0.83
0.83 0.83 0.83 0.83
0.83 0.83 0.83 0.83
0.87 0.87 0.87 0.87
0.82 0.82 0.82 0.82
0.82 0.82 0.82 0.82
0.82 0.82 0.82 0.82
0.83 0.83 0.83 0.83
0.82 0.82 0.82 0.82
0.82 0.82 0.82 0.82
0.82 0.82 0.82 0.82
0.82 0.82 0.82 0.82
0.83 0.83 0.83 0.83
0.83 0.83 0.83 0.83
0.83 0.83 0.83 0.83
0.83 0.83 0.83 0.83
0.83 0.83 0.83 0.83
0.82 0.82 0.82 0.82
0.82 0.82 0.82 0.82
0.82 0.82 0.82 0.82
0.83 0.83 0.83 0.83
0.83 0.83 0.83 0.83
0.83 0.83 0.83 0.83
0.83 0.83 0.83 0.83
0.83 0.83 0.83 0.83
0.83 0.83 0.83 0.83
0.82 0.82 0.82 0.82
0.82 0.82 0.82 0.82
0.82 0.82 0.82 0.82
0.83 0.83 0.83 0.83
0.83 0.83 0.83 0.83
0.83 0.83 0.83 0.83
0.82 0.82 0.82 0.82
0.83 0.83 0.83 0.83
0.83 0.83 0.83 0.83
0.83 0.83 0.83 0.83
0.87 0.87 0.87 0.87
0.87 0.87 0.87 0.87
0.89 0.89 0.89 0.89
0.89 0.89 0.89 0.89
0.89 0.89 0.89 0.89
0.89 0.89 0.89 0.89
0.89 0.89 0.89 0.89
0.89 0.89 0.89 0.89
0.88 0.88 0.88 0.88
0.89 0.89 0.89 0.89
0.87 0.87 0.87 0.87
0.89 0.89 0.89 0.89
0.89 0.89 0.89 0.89
0.87 0.87 0.87 0.87
0.89 0.89 0.89 0.89
0.87 0.87 0.87 0.87
0.87 0.87 0.87 0.87
0.87 0.87 0.87 0.87
0.87 0.87 0.87 0.87
0.87 0.87 0.87 0.87
0.87 0.87 0.87 0.87
0.87 0.87 0.87 0.87
0.87 0.87 0.87 0.87
0.87 0.87 0.87 0.87
0.87 0.87 0.87 0.87
0.87 0.87 0.87 0.87
0.87 0.87 0.87 0.87
0.87 0.87 0.87 0.87
0.87 0.87 0.87 0.87
0.87 0.87 0.87 0.87
0.87 0.87 0.87 0.87
0.87 0.87 0.87 0.87
0.83 0.83 0.83 0.83
0.82 0.82 0.82 0.82
0.82 0.82 0.82 0.82
0.82 0.82 0.82 0.82
0.83 0.83 0.83 0.83
0.83 0.83 0.83 0.83
0.83 0.83 0.83 0.83
0.82 0.82 0.82 0.82
0.83 0.83 0.83 0.83
0.83 0.83 0.83 0.83
0.83 0.83 0.83 0.83
0.87 0.87 0.87 0.87
0.87 0.87 0.87 0.87
0.89 0.89 0.89 0.89
0.89 0.89 0.89 0.89
0.89 0.89 0.89 0.89
0.89 0.89 0.89 0.89
0.89 0.89 0.89 0.89
0.89 0.89 0.89 0.89
0.88 0.88 0.88 0.88
0.89 0.89 0.89 0.89
0.87 0.87 0.87 0.87
0.89 0.89 0.89 0.89
0.89 0.89 0.89 0.89
0.87 0.87 0.87 0.87
0.89 0.89 0.89 0.89
0.87 0.87 0.87 0.87
0.87 0.87 0.87 0.87
0.87 0.87 0.87 0.87
0.87 0.87 0.87 0.87
0.87 0.87 0.87 0.87
0.87 0.87 0.87 0.87
0.87 0.87 0.87 0.87
0.87 0.87 0.87 0.87
0.87 0.87 0.87 0.87
0.87 0.87 0.87 0.87
0.87 0.87 0.87 0.87
0.87 0.87 0.87 0.87
0.87 0.87 0.87 0.87
0.87 0.87 0.87 0.87
0.87 0.87 0.87 0.87
0.87 0.87 0.87 0.87
0.87 0.87 0.87 0.87
0.82 0.82 0.82 0.82
0.82 0.82 0.82 0.82
0.82 0.82 0.82 0.82
0.82 0.82 0.82 0.82
0.83 0.83 0.83 0.83
0.83 0.83 0.83 0.83
0.83 0.83 0.83 0.83
0.83 0.83 0.83 0.83
0.83 0.83 0.83 0.83
0.82 0.82 0.82 0.82
0.82 0.82 0.82 0.82
0.82 0.82 0.82 0.82
0.83 0.83 0.83 0.83
0.83 0.83 0.83 0.83
0.83 0.83 0.83 0.83
0.83 0.83 0.83 0.83
0.83 0.83 0.83 0.83
0.83 0.83 0.83 0.83
0.82 0.82 0.82 0.82
0.82 0.82 0.82 0.82
0.82 0.82 0.82 0.82
0.83 0.83 0.83 0.83
0.83 0.83 0.83 0.83
0.83 0.83 0.83 0.83
0.82 0.82 0.82 0.82
0.83 0.83 0.83 0.83
0.83 0.83 0.83 0.83
0.83 0.83 0.83 0.83
0.87 0.87 0.87 0.87
0.82 0.82 0.82 0.82
0.82 0.82 0.82 0.82
0.82 0.82 0.82 0.82
0.83 0.83 0.83 0.83
0.83 0.83 0.83 0.83
0.83 0.83 0.83 0.83
0.82 0.82 0.82 0.82
0.83 0.83 0.83 0.83
0.83 0.83 0.83 0.83
0.83 0.83 0.83 0.83
0.83 0.83 0.83 0.83
0.83 0.83 0.83 0.83
0.83 0.83 0.83 0.83
0.82 0.82 0.82 0.82
0.82 0.82 0.82 0.82
0.82 0.82 0.82 0.82
0.83 0.83 0.83 0.83
0.83 0.83 0.83 0.83
0.83 0.83 0.83 0.83
0.82 0.82 0.82 0.82
0.83 0.83 0.83 0.83
0.83 0.83 0.83 0.83
0.83 0.83 0.83 0.83
0.83 0.83 0.83 0.83
0.83 0.83 0.83 0.83
0.83 0.83 0.83 0.83
0.87 0.87 0.87 0.87
0.87 0.87 0.87 0.87
0.89 0.89 0.89 0.89
0.89 0.89 0.89 0.89
0.89 0.89 0.89 0.89
0.89 0.89 0.89 0.89
0.89 0.89 0.89 0.89
0.89 0.89 0.89 0.89
0.88 0.88 0.88 0.88
0.89 0.89 0.89 0.89
0.87 0.87 0.87 0.87
0.89 0.89 0.89 0.89
0.89 0.89 0.89 0.89
0.87 0.87 0.87 0.87
0.89 0.89 0.89 0.89
0.87 0.87 0.87 0.87
0.87 0.87 0.87 0.87
0.87 0.87 0.87 0.87
0.87 0.87 0.87 0.87
0.87 0.87 0.87 0.87
0.87 0.87 0.87 0.87
0.87 0.87 0.87 0.87
0.87 0.87 0.87 0.87
0.87 0.87 0.87 0.87
0.87 0.87 0.87 0.87
0.87 0.87 0.87 0.87
0.87 0.87 0.87 0.87
0.87 0.87 0.87 0.87
0.87 0.87 0.87 0.87
0.87 0.87 0.87 0.87
0.87 0.87 0.87 0.87
0.87 0.87 0.87 0.87
0.82 0.82 0.82 0.82
0.82 0.82 0.82 0.82
0.82 0.82 0.82 0.82
0.82 0.82 0.82 0.82
0.83 0.83 0.83 0.83
0.83 0.83 0.83 0.83
0.83 0.83 0.83 0.83
0.83 0.83 0.83 0.83
0.83 0.83 0.83 0.83
0.82 0.82 0.82 0.82
0.82 0.82 0.82 0.82
0.82 0.82 0.82 0.82
0.83 0.83 0.83 0.83
0.83 0.83 0.83 0.83
0.83 0.83 0.83 0.83
0.83 0.83 0.83 0.83
0.83 0.83 0.83 0.83
0.83 0.83 0.83 0.83
0.82 0.82 0.82 0.82
0.82 0.82 0.82 0.82
0.82 0.82 0.82 0.82
0.83 0.83 0.83 0.83
0.83 0.83 0.83 0.83
0.83 0.83 0.83 0.83
0.82 0.82 0.82 0.82
0.83 0.83 0.83 0.83
0.83 0.83 0.83 0.83
0.83 0.83 0.83 0.83
0.87 0.87 0.87 0.87
0.82 0.82 0.82 0.82
0.82 0.82 0.82 0.82
0.82 0.82 0.82 0.82
0.83 0.83 0.83 0.83
0.83 0.83 0.83 0.83
0.83 0.83 0.83 0.83
0.82 0.82 0.82 0.82
0.83 0.83 0.83 0.83
0.83 0.83 0.83 0.83
0.83 0.83 0.83 0.83
0.83 0.83 0.83 0.83
0.83 0.83 0.83 0.83
0.83 0.83 0.83 0.83
0.82 0.82 0.82 0.82
0.82 0.82 0.82 0.82
0.82 0.82 0.82 0.82
0.83 0.83 0.83 0.83
0.83 0.83 0.83 0.83
0.83 0.83 0.83 0.83
0.82 0.82 0.82 0.82
0.83 0.83 0.83 0.83
0.83 0.83 0.83 0.83
0.83 0.83 0.83 0.83
0.83 0.83 0.83 0.83
0.83 0.83 0.83 0.83
0.83 0.83 0.83 0.83
0.87 0.87 0.87 0.87
0.82 0.82 0.82 0.82
0.82 0.82 0.82 0.82
0.82 0.82 0.82 0.82
0.83 0.83 0.83 0.83
0.83 0.83 0.83 0.83
0.83 0.83 0.83 0.83
0.83 0.83 0.83 0.83
0.83 0.83 0.83 0.83
0.87 0.87 0.87 0.87
0.82 0.82 0.82 0.82
0.82 0.82 0.82 0.82
0.82 0.82 0.82 0.82
0.83 0.83 0.83 0.83
0.83 0.83 0.83 0.83
0.83 0.83 0.83 0.83
0.82 0.82 0.82 0.82
0.83 0.83 0.83 0.83
0.83 0.83 0.83 0.83
0.83 0.83 0.83 0.83
0.83 0.83 0.83 0.83
0.83 0.83 0.83 0.83
0.83 0.83 0.83 0.83
0.82 0.82 0.82 0.82
0.83 0.83 0.83 0.83
0.83 0.83 0.83 0.83
0.83 0.83 0.83 0.83
0.83 0.83 0.83 0.83
0.83 0.83 0.83 0.83
0.83 0.83 0.83 0.83
0.82 0.82 0.82 0.82
0.82 0.82 0.82 0.82
0.82 0.82 0.82 0.82
0.83 0.83 0.83 0.83
0.83 0.83 0.83 0.83
0.83 0.83 0.83 0.83
0.82 0.82 0.82 0.82
0.83 0.83 0.83 0.83
0.83 0.83 0.83 0.83
0.83 0.83 0.83 0.83
0.87 0.87 0.87 0.87
0.82 0.82 0.82 0.82
0.82 0.82 0.82 0.82
0.82 0.82 0.82 0.82
0.83 0.83 0.83 0.83
0.83 0.83 0.83 0.83
0.83 0.83 0.83 0.83
0.83 0.83 0.83 0.83
0.83 0.83 0.83 0.83
0.87 0.87 0.87 0.87
0.82 0.82 0.82 0.82
0.82 0.82 0.82 0.82
0.82 0.82 0.82 0.82
0.83 0.83 0.83 0.83
0.83 0.83 0.83 0.83
0.83 0.83 0.83 0.83
0.83 0.83 0.83 0.83
0.83 0.83 0.83 0.83
0.83 0.83 0.83 0.83
0.87 0.87 0.87 0.87
0.82 0.82 0.82 0.82
0.82 0.82 0.82 0.82
0.82 0.82 0.82 0.82
0.83 0.83 0.83 0.83
0.83 0.83 0.83 0.83
0.87 0.87 0.87 0.87
0.82 0.82 0.82 0.82
0.82 0.82 0.82 0.82
0.82 0.82 0.82 0.82
0.83 0.83 0.83 0.83
0.83 0.83 0.83 0.83
0.83 0.83 0.83 0.83
0.83 0.83 0.83 0.83
0.83 0.83 0.83 0.83
0.87 0.87 0.87 0.87
0.82 0.82 0.82 0.82
0.82 0.82 0.82 0.82
0.82 0.82 0.82 0.82
0.83 0.83 0.83 0.83
0.83 0.83 0.83 0.83
0.83 0.83 0.83 0.83
0.83 0.83 0.83 0.83
0.83 0.83 0.83 0.83
0.83 0.83 0.83 0.83
0.87 0.87 0.87 0.87
0.82 0.82 0.82 0.82
0.82 0.82 0.82 0.82
0.82 0.82 0.82 0.82
0.83 0.83 0.83 0.83
0.82 0.82 0.82 0.82
0.82 0.82 0.82 0.82
0.82 0.82 0.82 0.82
0.82 0.82 0.82 0.82
0.83 0.83 0.83 0.83
0.83 0.83 0.83 0.83
0.83 0.83 0.83 0.83
0.83 0.83 0.83 0.83
0.83 0.83 0.83 0.83
0.82 0.82 0.82 0.82
0.82 0.82 0.82 0.82
0.82 0.82 0.82 0.82
0.83 0.83 0.83 0.83
0.83 0.83 0.83 0.83
0.83 0.83 0.83 0.83
0.83 0.83 0.83 0.83
0.83 0.83 0.83 0.83
0.83 0.83 0.83 0.83
0.82 0.82 0.82 0.82
0.82 0.82 0.82 0.82
0.82 0.82 0.82 0.82
0.83 0.83 0.83 0.83
0.83 0.83 0.83 0.83
0.83 0.83 0.83 0.83
0.82 0.82 0.82 0.82
0.83 0.83 0.83 0.83
0.83 0.83 0.83 0.83
0.83 0.83 0.83 0.83
0.87 0.87 0.87 0.87
0.87 0.87 0.87 0.87
0.89 0.89 0.89 0.89
0.89 0.89 0.89 0.89
0.89 0.89 0.89 0.89
0.89 0.89 0.89 0.89
0.89 0.89 0.89 0.89
0.89 0.89 0.89 0.89
0.88 0.88 0.88 0.88
0.89 0.89 0.89 0.89
0.87 0.87 0.87 0.87
0.89 0.89 0.89 0.89
0.89 0.89 0.89 0.89
0.87 0.87 0.87 0.87
0.89 0.89 0.89 0.89
0.87 0.87 0.87 0.87
0.87 0.87 0.87 0.87
0.87 0.87 0.87 0.87
0.87 0.87 0.87 0.87
0.87 0.87 0.87 0.87
0.87 0.87 0.87 0.87
0.87 0.87 0.87 0.87
0.87 0.87 0.87 0.87
0.87 0.87 0.87 0.87
0.87 0.87 0.87 0.87
0.87 0.87 0.87 0.87
0.87 0.87 0.87 0.87
0.87 0.87 0.87 0.87
0.87 0.87 0.87 0.87
0.87 0.87 0.87 0.87
0.87 0.87 0.87 0.87
0.87 0.87 0.87 0.87
0.83 0.83 0.83 0.83
0.82 0.82 0.82 0.82
0.82 0.82 0.82 0.82
0.82 0.82 0.82 0.82
0.83 0.83 0.83 0.83
0.83 0.83 0.83 0.83
0.83 0.83 0.83 0.83
0.82 0.82 0.82 0.82
0.83 0.83 0.83 0.83
0.83 0.83 0.83 0.83
0.83 0.83 0.83 0.83
0.87 0.87 0.87 0.87
0.87 0.87 0.87 0.87
0.89 0.89 0.89 0.89
0.89 0.89 0.89 0.89
0.89 0.89 0.89 0.89
0.89 0.89 0.89 0.89
0.89 0.89 0.89 0.89
0.89 0.89 0.89 0.89
0.88 0.88 0.88 0.88
0.89 0.89 0.89 0.89
0.87 0.87 0.87 0.87
0.89 0.89 0.89 0.89
0.89 0.89 0.89 0.89
0.87 0.87 0.87 0.87
0.89 0.89 0.89 0.89
0.87 0.87 0.87 0.87
0.87 0.87 0.87 0.87
0.87 0.87 0.87 0.87
0.87 0.87 0.87 0.87
